0 0.840625 0.82734375 0.109375 0.0984375
0 0.278125 0.71796875 0.1390625 0.2015625
0 0.690625 0.6953125 0.15 0.19765625
0 0.565625 0.78828125 0.140625 0.18125
0 0.74296875 0.3640625 0.19453125 0.2015625
0 0.40234375 0.325 0.1625 0.2140625
0 0.22265625 0.2609375 0.159375 0.1890625
0 0.35859375 0.52890625 0.1609375 0.16875
0 0.690625 0.2109375 0.10546875 0.12109375
0 0.275 0.425 0.1359375 0.1875
0 0.134375 0.51953125 0.146875 0.17109375
0 0.4125 0.78515625 0.13046875 0.17890625
0 0.9 0.21171875 0.11953125 0.13203125
0 0.328125 0.19140625 0.15 0.14375