0 0.66171875 0.76640625 0.04921875 0.06328125
0 0.59765625 0.58515625 0.13046875 0.15546875
0 0.3578125 0.92421875 0.04453125 0.08984375
0 0.43671875 0.86328125 0.11484375 0.1953125
0 0.35390625 0.70703125 0.05859375 0.084375
0 0.86953125 0.31171875 0.11328125 0.140625
0 0.403125 0.07734375 0.1046875 0.134375
0 0.68984375 0.3234375 0.10546875 0.10390625
0 0.896875 0.928125 0.0515625 0.08203125
0 0.90390625 0.815625 0.06953125 0.10703125
0 0.2265625 0.45859375 0.05390625 0.065625
0 0.51875 0.04453125 0.06953125 0.08125
0 0.6203125 0.11875 0.046875 0.06015625
0 0.575 0.2328125 0.0640625 0.0765625
0 0.95859375 0.621875 0.0796875 0.16953125