0 0.34609375 0.33671875 0.03046875 0.040625
0 0.43125 0.18828125 0.015625 0.034375
0 0.496875 0.85703125 0.03203125 0.04375
0 0.45703125 0.21875 0.01953125 0.03671875
0 0.32109375 0.403125 0.02890625 0.034375
0 0.3796875 0.88359375 0.02578125 0.06640625
0 0.459375 0.8265625 0.0421875 0.05546875
0 0.2375 0.46796875 0.02265625 0.04296875
0 0.409375 0.89375 0.02421875 0.06796875
0 0.50859375 0.1296875 0.01640625 0.0390625
0 0.22109375 0.5171875 0.0234375 0.034375
0 0.265625 0.43671875 0.028125 0.03359375