0 0.2984375 0.46875 0.02578125 0.03125
0 0.665625 0.55078125 0.03046875 0.04375
0 0.365625 0.4796875 0.02890625 0.03515625
0 0.81171875 0.68984375 0.0359375 0.0484375
0 0.365625 0.87421875 0.03359375 0.05078125
0 0.125 0.72421875 0.0265625 0.04296875
0 0.18828125 0.55859375 0.02890625 0.03203125
0 0.2359375 0.83046875 0.0296875 0.05078125
0 0.01796875 0.48359375 0.0359375 0.0453125
0 0.79453125 0.8296875 0.05078125 0.06328125
0 0.45234375 0.71796875 0.02265625 0.03671875
0 0.18984375 0.5015625 0.03046875 0.04140625
0 0.42421875 0.77890625 0.02734375 0.0484375
0 0.06875 0.80078125 0.04140625 0.05625