0 0.76640625 0.56953125 0.0640625 0.09140625
0 0.978125 0.8109375 0.04296875 0.08203125
0 0.03203125 0.3125 0.06328125 0.1453125
0 0.30859375 0.3359375 0.04296875 0.0796875
0 0.63515625 0.77421875 0.06953125 0.115625
0 0.74375 0.4296875 0.04921875 0.0703125
0 0.8671875 0.3265625 0.0796875 0.13359375
0 0.49140625 0.08046875 0.11640625 0.14921875
0 0.815625 0.86953125 0.05078125 0.075
0 0.4234375 0.921875 0.059375 0.0984375
0 0.34921875 0.9484375 0.07109375 0.0984375
0 0.89296875 0.584375 0.10234375 0.1609375
0 0.74609375 0.85703125 0.05078125 0.084375
0 0.61875 0.62109375 0.1046875 0.13671875
0 0.8375 0.1984375 0.09609375 0.11171875
0 0.16015625 0.43671875 0.05234375 0.0734375
0 0.2171875 0.584375 0.04921875 0.0796875
0 0.3546875 0.30234375 0.065625 0.096875
0 0.13125 0.2640625 0.05703125 0.08671875