0 0.43515625 0.26171875 0.10546875 0.12421875
0 0.9234375 0.27265625 0.09140625 0.115625
0 0.35078125 0.784375 0.12890625 0.14609375
0 0.27109375 0.26640625 0.08671875 0.10546875
0 0.515625 0.2890625 0.08203125 0.1015625
0 0.08515625 0.22890625 0.07890625 0.10078125
0 0.94296875 0.68046875 0.1078125 0.15703125
0 0.20234375 0.4640625 0.12265625 0.159375
0 0.084375 0.6359375 0.12265625 0.16015625
0 0.95703125 0.24296875 0.07578125 0.09921875
0 0.4125 0.4015625 0.10390625 0.11953125
0 0.66484375 0.17578125 0.09375 0.1109375
0 0.559375 0.78828125 0.13203125 0.18828125
0 0.8578125 0.44296875 0.11484375 0.12890625
0 0.58828125 0.2796875 0.0875 0.11328125
0 0.1796875 0.10546875 0.0796875 0.0953125
0 0.84140625 0.67734375 0.09765625 0.17109375
0 0.56953125 0.6015625 0.10234375 0.16171875
0 0.31015625 0.48046875 0.06953125 0.096875
0 0.9609375 0.16875 0.07578125 0.12109375
0 0.7046875 0.58671875 0.13359375 0.159375
0 0.5125 0.0609375 0.07890625 0.08125
0 0.76875 0.303125 0.10078125 0.12421875
0 0.41015625 0.47890625 0.09609375 0.10625
0 0.33984375 0.05 0.05625 0.0796875
0 0.42578125 0.578125 0.10390625 0.13515625
0 0.60078125 0.4640625 0.11484375 0.128125
0 0.7921875 0.6265625 0.09609375 0.1234375