0 0.93203125 0.55859375 0.12734375 0.14921875
0 0.95859375 0.39453125 0.06015625 0.06171875
0 0.62578125 0.3265625 0.0609375 0.0640625
0 0.31953125 0.60078125 0.06640625 0.0765625
0 0.43984375 0.29609375 0.0734375 0.078125
0 0.01875 0.67734375 0.0375 0.0828125
0 0.271875 0.928125 0.0828125 0.08984375
0 0.3046875 0.3890625 0.05078125 0.05390625
0 0.359375 0.73203125 0.08203125 0.11015625
0 0.78671875 0.4140625 0.08203125 0.0796875
0 0.6640625 0.940625 0.09140625 0.109375
0 0.3125 0.4671875 0.04921875 0.06171875
0 0.03671875 0.58828125 0.0734375 0.0921875
0 0.03203125 0.85390625 0.0640625 0.09453125
0 0.028125 0.48125 0.05546875 0.08984375
0 0.2078125 0.94921875 0.07890625 0.09375
0 0.0359375 0.76171875 0.071875 0.0796875
0 0.5140625 0.35625 0.05 0.06328125
0 0.22109375 0.534375 0.06171875 0.06484375
0 0.26640625 0.6921875 0.07265625 0.0765625
0 0.253125 0.5765625 0.0578125 0.06796875
0 0.22578125 0.38828125 0.059375 0.071875
0 0.165625 0.35703125 0.0546875 0.06875
0 0.18828125 0.8359375 0.121875 0.1484375