0 0.49921875 0.7453125 0.01171875 0.02578125
0 0.6796875 0.9484375 0.02578125 0.03984375
0 0.90390625 0.490625 0.03046875 0.04296875
0 0.5171875 0.28828125 0.02734375 0.04453125
0 0.82890625 0.909375 0.02109375 0.04296875
0 0.390625 0.4984375 0.02421875 0.034375
0 0.40859375 0.640625 0.028125 0.04609375
0 0.7859375 0.61640625 0.0296875 0.0453125
0 0.5984375 0.6109375 0.0140625 0.03515625
0 0.97734375 0.7546875 0.03359375 0.0296875
0 0.80625 0.43046875 0.03359375 0.04453125
0 0.56015625 0.44375 0.02578125 0.03984375
0 0.50078125 0.90078125 0.025 0.0453125
0 0.909375 0.52578125 0.0265625 0.03125
0 0.828125 0.559375 0.01328125 0.03203125