0 0.40625 0.72578125 0.02578125 0.03671875
0 0.88984375 0.44375 0.028125 0.03984375
0 0.52734375 0.6265625 0.02109375 0.04453125
0 0.92890625 0.85859375 0.0296875 0.05390625
0 0.478125 0.66640625 0.0234375 0.03671875
0 0.2984375 0.90625 0.03515625 0.07109375
0 0.2734375 0.584375 0.0234375 0.04609375
0 0.67734375 0.58515625 0.02109375 0.040625
0 0.625 0.75703125 0.02890625 0.05859375
0 0.70078125 0.53203125 0.034375 0.05625
0 0.89765625 0.72890625 0.0296875 0.04921875
0 0.52109375 0.84140625 0.02265625 0.04140625
0 0.52109375 0.521875 0.02578125 0.0359375
0 0.73984375 0.5734375 0.025 0.03671875
0 0.37578125 0.61640625 0.0328125 0.05859375
0 0.93515625 0.56328125 0.04296875 0.05703125
0 0.59921875 0.52578125 0.02109375 0.02890625
0 0.31796875 0.53515625 0.02109375 0.04296875
0 0.6421875 0.91875 0.02734375 0.05546875
0 0.746875 0.534375 0.028125 0.034375
0 0.9703125 0.6546875 0.0390625 0.06875
0 0.3640625 0.4859375 0.0203125 0.03984375
0 0.56796875 0.6125 0.015625 0.0359375
0 0.6625 0.6328125 0.028125 0.034375
0 0.7953125 0.5671875 0.04296875 0.0640625
0 0.45390625 0.9375 0.0140625 0.03984375
0 0.46484375 0.4515625 0.03203125 0.0484375
0 0.38203125 0.51171875 0.01484375 0.028125
0 0.69375 0.64609375 0.0234375 0.04296875
0 0.4203125 0.96953125 0.025 0.0453125
0 0.72421875 0.93203125 0.02578125 0.04921875
0 0.56875 0.76640625 0.0296875 0.05546875