0 0.3578125 0.80546875 0.03046875 0.05390625
0 0.8171875 0.8015625 0.0359375 0.04921875
0 0.55 0.940625 0.0265625 0.04140625
0 0.140625 0.79453125 0.03828125 0.0515625
0 0.31875 0.8203125 0.03203125 0.05546875
0 0.2875 0.78203125 0.02109375 0.03046875
0 0.06640625 0.37890625 0.03671875 0.04609375
0 0.45390625 0.8328125 0.03359375 0.053125
0 0.49140625 0.69375 0.03125 0.04921875
0 0.25546875 0.45859375 0.03203125 0.04375
0 0.5421875 0.5921875 0.02890625 0.04375
0 0.5078125 0.8765625 0.0453125 0.05859375
0 0.46796875 0.91640625 0.02890625 0.06015625