0 0.5765625 0.653125 0.04453125 0.040625
0 0.18984375 0.471875 0.0546875 0.0515625
0 0.2875 0.43828125 0.05546875 0.0515625
0 0.35859375 0.83359375 0.06171875 0.065625
0 0.71328125 0.66953125 0.04453125 0.04921875
0 0.22890625 0.57421875 0.09921875 0.134375
0 0.71796875 0.8671875 0.04140625 0.04375
0 0.44765625 0.16953125 0.09609375 0.1
0 0.46875 0.3359375 0.10390625 0.13828125
0 0.4984375 0.89375 0.05859375 0.07421875
0 0.43671875 0.48671875 0.05234375 0.04921875
0 0.309375 0.79375 0.04921875 0.04609375
0 0.30390625 0.54296875 0.04453125 0.040625
0 0.78203125 0.73828125 0.04296875 0.04375
0 0.06640625 0.44140625 0.05703125 0.05625
0 0.8046875 0.559375 0.0484375 0.05078125
0 0.85390625 0.88671875 0.05078125 0.04921875
0 0.2578125 0.76640625 0.05234375 0.05
0 0.5515625 0.5890625 0.03828125 0.034375