0 0.34921875 0.75234375 0.03359375 0.0546875
0 0.1796875 0.3921875 0.03203125 0.05078125
0 0.6875 0.22421875 0.02734375 0.0453125
0 0.66953125 0.715625 0.03671875 0.06015625
0 0.71171875 0.33046875 0.03046875 0.04296875
0 0.33515625 0.8546875 0.02890625 0.04609375
0 0.25234375 0.5328125 0.02890625 0.0453125
0 0.4484375 0.86015625 0.03359375 0.0484375
0 0.50234375 0.4171875 0.03046875 0.0453125
0 0.16171875 0.72421875 0.03359375 0.053125
0 0.425 0.9609375 0.03515625 0.0546875
0 0.834375 0.74375 0.0296875 0.05078125