0 0.40078125 0.19921875 0.040625 0.05546875
0 0.70078125 0.315625 0.0515625 0.07421875
0 0.690625 0.74921875 0.04140625 0.07421875
0 0.53125 0.26796875 0.05078125 0.0734375
0 0.64375 0.88125 0.08125 0.140625
0 0.61953125 0.6609375 0.09375 0.13671875
0 0.42578125 0.72734375 0.03828125 0.06015625
0 0.6421875 0.11875 0.03671875 0.05390625
0 0.475 0.12265625 0.04921875 0.06171875
0 0.32734375 0.37109375 0.06015625 0.1015625
0 0.4421875 0.43203125 0.0390625 0.05703125
0 0.6375 0.2265625 0.06796875 0.09140625
0 0.3828125 0.66875 0.04453125 0.06875
0 0.51796875 0.4671875 0.04609375 0.07109375