1 0.45546875 0.2390625 0.06953125 0.04140625
1 0.6296875 0.2359375 0.01796875 0.01875
1 0.7421875 0.33671875 0.02109375 0.02265625
1 0.61640625 0.28125 0.01953125 0.02265625
0 0.271875 0.4640625 0.05859375 0.0515625
1 0.90703125 0.475 0.03046875 0.0328125
1 0.978125 0.41640625 0.03359375 0.03125
1 0.29609375 0.35078125 0.025 0.0265625
1 0.190625 0.4328125 0.02890625 0.03125
1 0.64765625 0.2921875 0.7015625 0.32109375
1 0.278125 0.2703125 0.0234375 0.02265625
1 0.1515625 0.47421875 0.03046875 0.03515625
1 0.2171875 0.5515625 0.034375 0.03671875
1 0.12421875 0.43203125 0.0265625 0.0328125
1 0.6921875 0.2703125 0.02109375 0.02265625
1 0.115625 0.48046875 0.03046875 0.03125
1 0.79375 0.45703125 0.02890625 0.02890625
1 0.82734375 0.3859375 0.0265625 0.0265625
1 0.89765625 0.3984375 0.02890625 0.0265625
1 0.33125 0.35625 0.0265625 0.02890625
1 0.3328125 0.49921875 0.065625 0.2609375
1 0.93984375 0.5 0.034375 0.02890625
1 0.76171875 0.32421875 0.02109375 0.02265625
1 0.01015625 0.51171875 0.0203125 0.0328125
1 0.790625 0.3609375 0.021875 0.0265625
