1 0.35 0.0875 0.01796875 0.03203125
1 0.32421875 0.51875 0.01484375 0.03046875
1 0.7578125 0.634375 0.01640625 0.0296875
1 0.49921875 0.02890625 0.0203125 0.02890625
1 0.29140625 0.53359375 0.01953125 0.03359375
1 0.31953125 0.06328125 0.01796875 0.0296875
1 0.66015625 0.4640625 0.01796875 0.0296875
1 0.33125 0.89296875 0.0140625 0.028125
1 0.3515625 0.21015625 0.01640625 0.02578125
0 0.42109375 0.88359375 0.05703125 0.0734375
1 0.90625 0.203125 0.01953125 0.0359375
1 0.30234375 0.8984375 0.01796875 0.03359375
1 0.28515625 0.0640625 0.015625 0.02421875
1 0.7578125 0.634375 0.01640625 0.0296875
1 0.36328125 0.90078125 0.01875 0.03046875
1 0.0875 0.2515625 0.0125 0.0296875
1 0.38984375 0.25625 0.02109375 0.03828125
1 0.4734375 0.39296875 0.02265625 0.03984375
1 0.2765625 0.103125 0.01796875 0.02890625
1 0.3515625 0.21015625 0.01640625 0.02578125
