0 0.4625 0.6328125 0.02421875 0.034375
0 0.5484375 0.82421875 0.03046875 0.0546875
0 0.27578125 0.94296875 0.01796875 0.025
0 0.20546875 0.7203125 0.02421875 0.04453125
0 0.35625 0.49921875 0.02109375 0.03515625
0 0.1828125 0.79921875 0.02890625 0.05078125
0 0.45078125 0.95 0.02890625 0.06640625
0 0.08828125 0.8515625 0.03046875 0.05390625
0 0.5125 0.48828125 0.0171875 0.03359375
0 0.1546875 0.54921875 0.02578125 0.03828125
1 0.6890625 0.9078125 0.059375 0.10078125
0 0.334375 0.421875 0.01953125 0.03515625
0 0.25078125 0.6421875 0.02578125 0.03984375
0 0.10625 0.65625 0.03125 0.04140625
