1 0.2890625 0.33046875 0.0296875 0.0765625
1 0.509375 0.15390625 0.078125 0.05546875
1 0.2890625 0.33125 0.02890625 0.07578125
1 0.6359375 0.77109375 0.05234375 0.121875
1 0.65625 0.328125 0.04765625 0.06875
1 0.48984375 0.6359375 0.04765625 0.07890625
1 0.24140625 0.68203125 0.071875 0.05078125
0 0.46015625 0.70390625 0.02421875 0.03671875
1 0.3859375 0.496875 0.071875 0.09921875
1 0.296875 0.478125 0.04921875 0.05859375
1 0.34140625 0.80234375 0.0578125 0.0640625
1 0.21640625 0.49921875 0.05703125 0.09296875
1 0.671875 0.35078125 0.05546875 0.08359375
1 0.325 0.40078125 0.0734375 0.08515625
1 0.42109375 0.8484375 0.03828125 0.146875
1 0.93125 0.75859375 0.03984375 0.0359375
1 0.4734375 0.51328125 0.0734375 0.09375
1 0.240625 0.42109375 0.05234375 0.05703125
1 0.96875 0.75703125 0.0453125 0.0859375
0 0.61484375 0.653125 0.02265625 0.03828125
1 0.39140625 0.31015625 0.053125 0.0703125
1 0.4875 0.55859375 0.0546875 0.0765625
