1 0.9359375 0.58515625 0.028125 0.03125
1 0.43359375 0.23671875 0.08359375 0.0453125
1 0.940625 0.4828125 0.028125 0.03125
1 0.27578125 0.3015625 0.109375 0.04765625
1 0.4515625 0.41171875 0.025 0.02890625
1 0.17109375 0.47109375 0.03046875 0.0328125
1 0.2828125 0.49375 0.0265625 0.02890625
1 0.1140625 0.5234375 0.03359375 0.03515625
1 0.16484375 0.5125 0.03203125 0.0328125
1 0.265625 0.45703125 0.028125 0.02890625
1 0.88203125 0.4484375 0.021875 0.025
1 0.33203125 0.5671875 0.03046875 0.03515625
1 0.27265625 0.5171875 0.0234375 0.02265625
1 0.54921875 0.54921875 0.05703125 0.1484375
0 0.39296875 0.50703125 0.0609375 0.04765625
1 0.3203125 0.4640625 0.0265625 0.03125
1 0.4203125 0.39921875 0.0234375 0.02890625
