0 0.2734375 0.171875 0.13359375 0.09296875
0 0.7875 0.23984375 0.15546875 0.12578125
0 0.909375 0.3109375 0.1390625 0.103125
0 0.92578125 0.40859375 0.109375 0.08828125
1 0.91328125 0.665625 0.10703125 0.06796875
0 0.68828125 0.6890625 0.17109375 0.15625
0 0.678125 0.334375 0.153125 0.12578125
0 0.575 0.3796875 0.146875 0.1546875
0 0.27890625 0.73046875 0.18359375 0.15625
0 0.321875 0.29140625 0.17890625 0.14609375
0 0.45390625 0.20390625 0.1359375 0.13984375
0 0.63984375 0.2203125 0.1484375 0.11484375
0 0.33359375 0.603125 0.16640625 0.16875
1 0.2703125 0.3109375 0.1015625 0.0703125
0 0.090625 0.4875 0.1640625 0.16484375
0 0.91484375 0.7359375 0.1515625 0.14609375
0 0.50390625 0.54296875 0.13046875 0.16484375
0 0.271875 0.4390625 0.1859375 0.1875
0 0.05390625 0.1953125 0.096875 0.1234375
0 0.4921875 0.7265625 0.22109375 0.21015625
0 0.7828125 0.45546875 0.15703125 0.1421875
