0 0.71875 0.784375 0.05 0.03828125
0 0.5921875 0.8453125 0.03125 0.02578125
0 0.1125 0.90546875 0.04921875 0.065625
0 0.45859375 0.8390625 0.09296875 0.14375
0 0.2734375 0.709375 0.03984375 0.046875
0 0.7625 0.74609375 0.0390625 0.046875
0 0.81484375 0.70390625 0.0421875 0.04609375
0 0.48828125 0.6859375 0.04296875 0.0546875
0 0.5640625 0.78671875 0.0421875 0.06484375
0 0.17734375 0.65625 0.0625 0.0546875
0 0.1328125 0.69375 0.05390625 0.05546875
1 0.221875 0.80078125 0.04609375 0.1265625
0 0.36953125 0.6421875 0.03828125 0.03828125
0 0.5765625 0.50390625 0.04140625 0.04453125
0 0.80546875 0.628125 0.03203125 0.04296875
0 0.83359375 0.54921875 0.04296875 0.04921875
0 0.93125 0.9765625 0.084375 0.046875
0 0.7578125 0.9234375 0.07890625 0.090625
0 0.6046875 0.68203125 0.03203125 0.0609375
