0 0.33984375 0.96328125 0.03046875 0.04921875
1 0.66328125 0.0421875 0.0296875 0.04140625
1 0.51015625 0.71875 0.08046875 0.146875
1 0.7 0.36171875 0.040625 0.04375
0 0.42578125 0.453125 0.03515625 0.053125
0 0.34140625 0.66875 0.028125 0.0484375
1 0.29609375 0.23515625 0.03125 0.06328125
0 0.0234375 0.7296875 0.0328125 0.04609375
1 0.66328125 0.48828125 0.02734375 0.05390625
1 0.115625 0.2796875 0.0609375 0.059375
1 0.8546875 0.52421875 0.14140625 0.22421875
0 0.59765625 0.36875 0.034375 0.0453125
0 0.271875 0.86640625 0.03671875 0.06171875
0 0.41953125 0.20859375 0.02578125 0.040625
1 0.67890625 0.109375 0.04453125 0.03984375
1 0.0234375 0.34921875 0.04609375 0.0453125
1 0.49765625 0.19921875 0.02421875 0.03671875
0 0.4046875 0.77265625 0.02734375 0.05078125
0 0.6734375 0.9703125 0.025 0.0390625
1 0.56875 0.1109375 0.04921875 0.06875
1 0.57109375 0.6015625 0.05390625 0.0859375
1 0.5953125 0.2796875 0.03359375 0.071875
