1 0.22734375 0.7953125 0.03203125 0.04296875
1 0.6484375 0.74765625 0.0359375 0.0515625
1 0.62109375 0.41171875 0.05546875 0.08203125
0 0.296875 0.57890625 0.0859375 0.10078125
0 0.11796875 0.32890625 0.153125 0.1359375
1 0.69140625 0.74375 0.04140625 0.08046875
1 0.37578125 0.61953125 0.0484375 0.09453125
1 0.2859375 0.44140625 0.0640625 0.08828125
1 0.3390625 0.44921875 0.01953125 0.08046875
1 0.86796875 0.525 0.05859375 0.053125
1 0.396875 0.42109375 0.078125 0.08828125
1 0.7921875 0.58671875 0.0515625 0.09453125
