1 0.6390625 0.6390625 0.034375 0.04453125
1 0.375 0.2421875 0.0515625 0.06015625
1 0.3296875 0.25078125 0.10859375 0.146875
1 0.10078125 0.08359375 0.021875 0.0484375
1 0.44140625 0.0375 0.04453125 0.06953125
1 0.65703125 0.95078125 0.03359375 0.046875
0 0.11953125 0.89375 0.0328125 0.05078125
1 0.1953125 0.01796875 0.02734375 0.03203125
1 0.21015625 0.5703125 0.06796875 0.10703125
1 0.29296875 0.6015625 0.03515625 0.078125
1 0.8171875 0.7859375 0.02421875 0.05703125
1 0.234375 0.53671875 0.07890625 0.1
1 0.80234375 0.62578125 0.0390625 0.0890625
1 0.51484375 0.3375 0.04140625 0.065625
