1 0.69296875 0.49609375 0.0296875 0.2015625
1 0.58359375 0.290625 0.03515625 0.07578125
1 0.51015625 0.12734375 0.02109375 0.05078125
1 0.41640625 0.45859375 0.046875 0.07421875
1 0.3296875 0.8984375 0.07265625 0.11640625
1 0.61015625 0.69296875 0.03828125 0.0984375
1 0.86328125 0.465625 0.18828125 0.3453125
1 0.93125 0.29375 0.07578125 0.07890625
1 0.5046875 0.31640625 0.03359375 0.05078125
1 0.584375 0.54609375 0.046875 0.1109375
1 0.81484375 0.809375 0.03984375 0.0734375
1 0.40078125 0.56875 0.040625 0.1015625
1 0.67265625 0.66640625 0.0953125 0.1109375
1 0.76328125 0.29453125 0.090625 0.15546875
1 0.45859375 0.31328125 0.01953125 0.0484375
1 0.6984375 0.59765625 0.0328125 0.06015625
1 0.54453125 0.3515625 0.04375 0.06328125
0 0.7515625 0.46796875 0.02890625 0.04453125
1 0.38125 0.7640625 0.04296875 0.07109375
1 0.9625 0.2234375 0.03828125 0.0609375
1 0.69609375 0.3796875 0.03046875 0.0796875
1 0.40546875 0.884375 0.02734375 0.05078125
1 0.33046875 0.66171875 0.028125 0.05703125
1 0.86796875 0.2484375 0.04375 0.146875
1 0.67890625 0.10078125 0.034375 0.06171875
1 0.44609375 0.7765625 0.03203125 0.0640625
1 0.55234375 0.12109375 0.05546875 0.071875
