1 0.29609375 0.321875 0.0484375 0.0734375
1 0.36015625 0.43515625 0.046875 0.0796875
1 0.24296875 0.93046875 0.08984375 0.134375
1 0.4328125 0.3125 0.08828125 0.096875
1 0.19296875 0.31328125 0.04609375 0.075
1 0.50546875 0.234375 0.059375 0.08359375
1 0.49375 0.084375 0.04453125 0.0484375
1 0.72890625 0.2828125 0.04453125 0.0765625
0 0.44296875 0.8453125 0.05859375 0.08671875
1 0.61171875 0.29375 0.04765625 0.0703125
1 0.28046875 0.534375 0.046875 0.09296875
1 0.26953125 0.10703125 0.046875 0.06015625
1 0.3765625 0.2609375 0.04375 0.0734375
1 0.334375 0.5296875 0.0421875 0.08515625
1 0.428125 0.2359375 0.04765625 0.065625
