1 0.06484375 0.50390625 0.01796875 0.02890625
0 0.06640625 0.18828125 0.028125 0.04296875
0 0.1234375 0.15234375 0.02890625 0.046875
1 0.0875 0.9109375 0.02890625 0.0546875
0 0.21171875 0.17734375 0.04609375 0.06171875
0 0.38828125 0.1125 0.02734375 0.05078125
0 0.09140625 0.29453125 0.0140625 0.034375
0 0.16484375 0.3609375 0.02109375 0.04921875
0 0.09609375 0.13203125 0.028125 0.04453125
0 0.37890625 0.19765625 0.02890625 0.04375
0 0.3390625 0.18046875 0.0390625 0.053125
0 0.36328125 0.14140625 0.02578125 0.04140625
0 0.071875 0.13828125 0.0296875 0.05078125
0 0.38359375 0.2890625 0.02734375 0.03984375
0 0.14296875 0.42421875 0.03203125 0.05078125
0 0.44296875 0.1921875 0.02890625 0.04921875
0 0.1921875 0.3359375 0.0296875 0.053125
0 0.20078125 0.1390625 0.03046875 0.0484375
0 0.0296875 0.20859375 0.02421875 0.03046875
1 0.7625 0.13046875 0.01796875 0.034375
0 0.45625 0.57421875 0.02890625 0.0484375
0 0.28515625 0.27421875 0.02890625 0.04609375
0 0.33046875 0.47421875 0.03671875 0.053125
0 0.34375 0.8390625 0.03671875 0.0484375
0 0.41328125 0.3375 0.03359375 0.046875
0 0.35546875 0.34609375 0.02734375 0.0484375
0 0.171875 0.11015625 0.046875 0.09296875
