0 0.5453125 0.3203125 0.02109375 0.06015625
0 0.934375 0.2078125 0.03359375 0.05703125
1 0.65859375 0.86015625 0.06640625 0.084375
1 0.77421875 0.40625 0.44609375 0.5625
0 0.86875 0.1796875 0.0234375 0.0546875
1 0.5890625 0.84375 0.071875 0.05703125
0 0.4125 0.57734375 0.03046875 0.0515625
1 0.278125 0.75703125 0.0515625 0.10078125
0 0.61484375 0.16875 0.0234375 0.06015625
0 0.36875 0.03359375 0.0234375 0.04609375
0 0.84296875 0.1484375 0.03359375 0.04609375
0 0.421875 0.02734375 0.0234375 0.03828125
0 0.50859375 0.59140625 0.03046875 0.05703125
0 0.728125 0.07578125 0.028125 0.04921875
