0 0.29296875 0.51796875 0.05859375 0.07890625
1 0.55234375 0.2734375 0.02890625 0.04375
0 0.23984375 0.63671875 0.07734375 0.11484375
0 0.66171875 0.6375 0.06015625 0.08828125
0 0.57421875 0.52734375 0.06484375 0.103125
0 0.2921875 0.78125 0.06171875 0.121875
0 0.38984375 0.55390625 0.06171875 0.08046875
0 0.37578125 0.69609375 0.059375 0.10546875
0 0.85234375 0.86875 0.07265625 0.14453125
0 0.69140625 0.86640625 0.07578125 0.14453125
0 0.11875 0.78046875 0.07890625 0.11015625
0 0.39296875 0.4125 0.05546875 0.08203125
0 0.50546875 0.52578125 0.06875 0.1015625
