0 0.3890625 0.25078125 0.071875 0.0703125
0 0.36171875 0.16953125 0.06796875 0.06796875
0 0.059375 0.61640625 0.109375 0.10078125
0 0.9484375 0.78359375 0.0890625 0.11484375
0 0.48125 0.32890625 0.07109375 0.065625
0 0.3546875 0.50234375 0.08203125 0.090625
1 0.58984375 0.63359375 0.284375 0.32109375
0 0.546875 0.37265625 0.053125 0.04921875
0 0.096875 0.1625 0.0859375 0.0703125
0 0.7953125 0.7625 0.14609375 0.1546875
0 0.31796875 0.5984375 0.08359375 0.06171875
0 0.178125 0.50703125 0.146875 0.11328125
0 0.296875 0.42109375 0.090625 0.09296875
0 0.08671875 0.275 0.1234375 0.09296875
0 0.1734375 0.67109375 0.1140625 0.09453125
0 0.60078125 0.16640625 0.0875 0.078125
0 0.28203125 0.19140625 0.0890625 0.0703125
0 0.2125 0.33828125 0.125 0.09296875
0 0.42578125 0.3765625 0.0734375 0.08203125
