1 0.5328125 0.6625 0.04375 0.06796875
1 0.74375 0.40859375 0.015625 0.040625
1 0.596875 0.4578125 0.05 0.05703125
1 0.68359375 0.6828125 0.0359375 0.065625
1 0.39921875 0.51328125 0.0578125 0.04921875
1 0.88671875 0.728125 0.0390625 0.06796875
1 0.73828125 0.33046875 0.0171875 0.03828125
1 0.50546875 0.54921875 0.0359375 0.04375
1 0.69375 0.49765625 0.040625 0.09296875
1 0.615625 0.4 0.0375 0.05703125
1 0.61875 0.68984375 0.05 0.06796875
1 0.83203125 0.47109375 0.0171875 0.04609375
1 0.80703125 0.4328125 0.0140625 0.04609375
1 0.7953125 0.50703125 0.015625 0.040625
1 0.4109375 0.58203125 0.05625 0.08203125
1 0.54375 0.490625 0.046875 0.0515625
1 0.634375 0.58359375 0.178125 0.18828125
1 0.49921875 0.61171875 0.0484375 0.07109375
1 0.5734375 0.41015625 0.040625 0.06015625
1 0.51875 0.26328125 0.025 0.03515625
1 0.52265625 0.43203125 0.0609375 0.065625
1 0.134375 0.228125 0.021875 0.03515625
1 0.58203125 0.6640625 0.0453125 0.0765625
1 0.75546875 0.5890625 0.0828125 0.1828125
0 0.97109375 0.490625 0.0546875 0.084375
1 0.5421875 0.16015625 0.028125 0.02421875
1 0.93359375 0.70234375 0.0296875 0.04921875
1 0.76796875 0.48203125 0.0203125 0.040625
1 0.396875 0.228125 0.046875 0.05703125
1 0.45625 0.553125 0.04375 0.0625
1 0.83671875 0.5640625 0.0296875 0.0296875
