0 0.79375 0.59140625 0.115625 0.1375
0 0.65859375 0.78203125 0.146875 0.1109375
0 0.34140625 0.20078125 0.103125 0.08046875
0 0.44375 0.21484375 0.1125 0.08828125
0 0.0578125 0.503125 0.10703125 0.11328125
0 0.109375 0.19921875 0.13046875 0.0984375
0 0.52890625 0.3453125 0.10859375 0.103125
0 0.39765625 0.35078125 0.14296875 0.1296875
0 0.2296875 0.69140625 0.1484375 0.12734375
0 0.14765625 0.57578125 0.17890625 0.16875
0 0.1125 0.31796875 0.1359375 0.12109375
0 0.2296875 0.82578125 0.165625 0.1046875
1 0.84453125 0.315625 0.28359375 0.265625
0 0.6109375 0.6125 0.13046875 0.1421875
