1 0.45 0.45390625 0.03046875 0.0390625
1 0.64453125 0.28828125 0.0234375 0.05
1 0.35625 0.2890625 0.03828125 0.05546875
1 0.07265625 0.68203125 0.05859375 0.0859375
1 0.5359375 0.240625 0.034375 0.0515625
1 0.77890625 0.0921875 0.02734375 0.053125
1 0.63515625 0.825 0.04375 0.08515625
1 0.7890625 0.20546875 0.03203125 0.0546875
1 0.93671875 0.175 0.02421875 0.04609375
1 0.5765625 0.1921875 0.0234375 0.0453125
1 0.2828125 0.075 0.01953125 0.04609375
1 0.29765625 0.02734375 0.02109375 0.04375
0 0.56640625 0.9625 0.0359375 0.05625
1 0.28984375 0.05546875 0.02109375 0.059375
1 0.16640625 0.5015625 0.03828125 0.05625
