1 0.059375 0.2421875 0.021875 0.0296875
1 0.6703125 0.3953125 0.02890625 0.05390625
1 0.49296875 0.13984375 0.0390625 0.04609375
0 0.0671875 0.284375 0.01796875 0.04375
1 0.303125 0.2546875 0.04296875 0.0484375
1 0.57421875 0.42109375 0.03203125 0.0515625
1 0.4515625 0.12578125 0.04140625 0.0515625
1 0.40859375 0.1453125 0.0390625 0.05703125
1 0.315625 0.02421875 0.025 0.02734375
1 0.14609375 0.4171875 0.1140625 0.14609375
1 0.46171875 0.44296875 0.02109375 0.04609375
1 0.20625 0.12890625 0.0515625 0.11640625
1 0.8984375 0.1734375 0.025 0.1140625
1 0.6203125 0.2140625 0.0375 0.05390625
0 0.0390625 0.2453125 0.021875 0.04609375
1 0.29453125 0.04765625 0.021875 0.03515625
