0 0.34453125 0.09296875 0.02890625 0.059375
0 0.021875 0.36171875 0.04296875 0.0859375
0 0.878125 0.14375 0.06015625 0.07578125
0 0.67421875 0.55859375 0.04375 0.0546875
0 0.54921875 0.5953125 0.03828125 0.04453125
0 0.78828125 0.959375 0.05625 0.03671875
0 0.94765625 0.95859375 0.0328125 0.05078125
0 0.65703125 0.05234375 0.05390625 0.07890625
0 0.425 0.57265625 0.0390625 0.06171875
0 0.5515625 0.68359375 0.034375 0.04375
0 0.42578125 0.10625 0.05546875 0.07109375
0 0.79765625 0.22421875 0.053125 0.07109375
0 0.91953125 0.34609375 0.05390625 0.06484375
0 0.51796875 0.678125 0.02734375 0.05078125
0 0.0265625 0.5359375 0.0515625 0.1
0 0.73046875 0.41640625 0.05703125 0.0546875
0 0.203125 0.6546875 0.05546875 0.0703125
1 0.70625 0.28359375 0.03515625 0.05390625
0 0.2921875 0.703125 0.03671875 0.05703125
0 0.79453125 0.34453125 0.0484375 0.07578125
0 0.128125 0.9703125 0.06171875 0.059375
0 0.5765625 0.02578125 0.06171875 0.05
0 0.23671875 0.15625 0.0328125 0.05078125
0 0.5765625 0.91171875 0.03828125 0.071875
0 0.353125 0.3484375 0.04453125 0.07421875
0 0.965625 0.50859375 0.04140625 0.05546875
1 0.53125 0.546875 0.3125 0.753125
0 0.8703125 0.05546875 0.0421875 0.05859375
0 0.93203125 0.4234375 0.03828125 0.0734375
0 0.23515625 0.73515625 0.0453125 0.05390625
0 0.1734375 0.92578125 0.04140625 0.0515625
