0 0.37890625 0.69140625 0.02890625 0.0390625
0 0.09609375 0.72890625 0.02265625 0.028125
0 0.3765625 0.81796875 0.0203125 0.03515625
0 0.35859375 0.746875 0.03046875 0.053125
0 0.225 0.49296875 0.03046875 0.04921875
0 0.13203125 0.73359375 0.025 0.03984375
0 0.1 0.6875 0.01640625 0.03046875
1 0.54921875 0.534375 0.1828125 0.39375
0 0.48515625 0.91484375 0.02890625 0.0390625
0 0.5328125 0.89765625 0.02265625 0.0359375
0 0.34140625 0.8109375 0.02890625 0.040625
1 0.62734375 0.30078125 0.02109375 0.03125
