0 0.5109375 0.62421875 0.02421875 0.03828125
1 0.75078125 0.44921875 0.04453125 0.0734375
1 0.78828125 0.46875 0.01953125 0.04296875
0 0.37109375 0.78671875 0.01953125 0.03984375
1 0.74140625 0.278125 0.02890625 0.0359375
0 0.459375 0.84921875 0.03671875 0.06484375
1 0.259375 0.8765625 0.05859375 0.10625
0 0.25859375 0.765625 0.03671875 0.0515625
0 0.49453125 0.771875 0.04453125 0.0609375
0 0.3578125 0.91796875 0.02734375 0.046875
1 0.8734375 0.81796875 0.06484375 0.09609375
0 0.16953125 0.9484375 0.03046875 0.053125
