1 0.846875 0.546875 0.0140625 0.02578125
1 0.2171875 0.77890625 0.05234375 0.0890625
1 0.4359375 0.58984375 0.03203125 0.071875
1 0.1640625 0.43203125 0.04609375 0.0734375
1 0.93203125 0.575 0.01640625 0.02421875
1 0.55703125 0.32109375 0.04140625 0.0984375
1 0.5296875 0.171875 0.028125 0.05390625
1 0.334375 0.20234375 0.0375 0.06171875
1 0.10390625 0.3765625 0.04765625 0.059375
1 0.5703125 0.59921875 0.01796875 0.02890625
1 0.1484375 0.3359375 0.04453125 0.078125
1 0.59375 0.91484375 0.0125 0.02578125
1 0.5546875 0.47265625 0.0125 0.025
1 0.5828125 0.74453125 0.02578125 0.040625
1 0.03125 0.42734375 0.04453125 0.084375
1 0.85859375 0.89296875 0.04609375 0.05703125
1 0.36640625 0.75859375 0.0234375 0.034375
1 0.7734375 0.3828125 0.0140625 0.0234375
0 0.91328125 0.92265625 0.02890625 0.0640625
1 0.16328125 0.65625 0.05859375 0.0609375
1 0.4109375 0.515625 0.05390625 0.1
1 0.75 0.9578125 0.01171875 0.0265625
1 0.08984375 0.44921875 0.02734375 0.046875
1 0.45078125 0.365625 0.03046875 0.05546875
1 0.3625 0.165625 0.06640625 0.0390625
1 0.51953125 0.08515625 0.03046875 0.0515625
1 0.28671875 0.65703125 0.015625 0.04453125
1 0.58125 0.17421875 0.02734375 0.0484375
1 0.078125 0.56015625 0.01640625 0.021875
1 0.93359375 0.72421875 0.0140625 0.0234375
1 0.08359375 0.70546875 0.02890625 0.03984375
1 0.71171875 0.70390625 0.0328125 0.06484375
1 0.9671875 0.77578125 0.03828125 0.084375
1 0.28359375 0.96953125 0.05625 0.05390625
1 0.55390625 0.41484375 0.0125 0.0203125
1 0.46171875 0.93203125 0.1125 0.11484375
1 0.9734375 0.49453125 0.05234375 0.10390625
1 0.46796875 0.87890625 0.02421875 0.034375
1 0.36640625 0.19765625 0.02890625 0.05078125
1 0.3203125 0.44375 0.05546875 0.06796875
1 0.7375 0.98046875 0.0203125 0.03203125
1 0.14765625 0.76328125 0.02265625 0.0390625
1 0.184375 0.51484375 0.03515625 0.05546875
1 0.70625 0.1171875 0.02109375 0.04140625
