0 0.6921875 0.66328125 0.03203125 0.0484375
0 0.68203125 0.56484375 0.03515625 0.05
0 0.59921875 0.5875 0.03515625 0.046875
0 0.4578125 0.75703125 0.0328125 0.05078125
0 0.6890625 0.4765625 0.02890625 0.04296875
0 0.8203125 0.54921875 0.0421875 0.046875
1 0.39375 0.81875 0.0359375 0.07109375
0 0.6921875 0.96796875 0.02734375 0.0390625
1 0.8703125 0.80703125 0.01875 0.0359375
0 0.50546875 0.5765625 0.0265625 0.046875
1 0.56640625 0.9046875 0.02265625 0.02578125
0 0.3453125 0.77578125 0.04140625 0.05625
0 0.209375 0.94609375 0.04140625 0.06484375
0 0.56953125 0.73359375 0.02890625 0.04609375
0 0.490625 0.4484375 0.03125 0.040625
0 0.725 0.91328125 0.03203125 0.06640625
0 0.1890625 0.59453125 0.04140625 0.04609375
0 0.77109375 0.9515625 0.04609375 0.071875
0 0.64140625 0.78671875 0.03828125 0.0515625
0 0.7609375 0.76328125 0.02890625 0.04140625
1 0.4953125 0.72265625 0.02578125 0.03046875
0 0.2125 0.671875 0.03515625 0.03359375
0 0.315625 0.60703125 0.034375 0.04375
