1 0.68359375 0.2234375 0.015625 0.01875
1 0.178125 0.4765625 0.02734375 0.03125
1 0.1640625 0.23125 0.01875 0.02421875
1 0.3890625 0.28828125 0.01953125 0.0234375
1 0.15625 0.26015625 0.01953125 0.02421875
1 0.1171875 0.596875 0.03046875 0.040625
1 0.175 0.08671875 0.09609375 0.1203125
1 0.0984375 0.90625 0.04375 0.06328125
1 0.2234375 0.38515625 0.0203125 0.02578125
1 0.05234375 0.440625 0.03125 0.03671875
0 0.88828125 0.91640625 0.1625 0.15625
1 0.16953125 0.7609375 0.04296875 0.05703125
1 0.16484375 0.37109375 0.021875 0.028125
1 0.84765625 0.07890625 0.08203125 0.06015625
1 0.0921875 0.40703125 0.02890625 0.034375
1 0.3953125 0.8609375 0.0421875 0.071875
1 0.51875 0.2390625 0.015625 0.0234375
1 0.01796875 0.39921875 0.03203125 0.034375
1 0.5765625 0.4296875 0.02421875 0.0484375
1 0.18671875 0.36796875 0.01875 0.02578125
1 0.6484375 0.3078125 0.01484375 0.01953125
1 0.128125 0.77109375 0.03046875 0.040625
1 0.1984375 0.8859375 0.04140625 0.0609375
1 0.1265625 0.2765625 0.01953125 0.025
0 0.7109375 0.3828125 0.04453125 0.06015625
1 0.62421875 0.2015625 0.0125 0.01796875
1 0.47109375 0.221875 0.01875 0.0265625
1 0.20234375 0.3875 0.0234375 0.03203125
1 0.59609375 0.26484375 0.0171875 0.0203125
1 0.16875 0.3015625 0.01953125 0.021875
1 0.246875 0.86796875 0.03671875 0.05859375
1 0.5359375 0.25625 0.01484375 0.01953125
1 0.334375 0.2703125 0.0203125 0.028125
1 0.57421875 0.23671875 0.01796875 0.02578125
