1 0.1109375 0.92890625 0.059375 0.065625
1 0.69609375 0.25234375 0.0203125 0.0296875
1 0.77265625 0.81015625 0.0734375 0.08984375
1 0.79921875 0.196875 0.0171875 0.02734375
1 0.48046875 0.825 0.0203125 0.02734375
1 0.8515625 0.22109375 0.01875 0.02734375
1 0.87890625 0.2375 0.0140625 0.02734375
1 0.596875 0.6640625 0.059375 0.08203125
1 0.521875 0.8453125 0.01875 0.0296875
1 0.8296875 0.184375 0.015625 0.0296875
1 0.71796875 0.21484375 0.0203125 0.02421875
0 0.58125 0.79921875 0.03125 0.0296875
