0 0.38359375 0.734375 0.0265625 0.03984375
0 0.315625 0.7734375 0.03203125 0.05
0 0.6625 0.62421875 0.0359375 0.0515625
1 0.70390625 0.2265625 0.07109375 0.0703125
0 0.6125 0.58125 0.0390625 0.05546875
0 0.4078125 0.51875 0.03515625 0.05
0 0.29140625 0.8890625 0.03046875 0.040625
0 0.10625 0.896875 0.04453125 0.0609375
0 0.31171875 0.31484375 0.03671875 0.0484375
0 0.39921875 0.68359375 0.03046875 0.053125
0 0.27734375 0.953125 0.05078125 0.07421875
0 0.5640625 0.5890625 0.02734375 0.04296875
0 0.43984375 0.43515625 0.03046875 0.040625
