1 0.03203125 0.2234375 0.04453125 0.05703125
1 0.8 0.9390625 0.053125 0.07890625
1 0.45390625 0.55390625 0.04453125 0.084375
1 0.2 0.46484375 0.0390625 0.06796875
1 0.65625 0.81171875 0.02890625 0.04609375
0 0.1734375 0.65078125 0.053125 0.08125
1 0.728125 0.7671875 0.040625 0.06484375
1 0.30546875 0.4984375 0.03359375 0.05390625
1 0.353125 0.53515625 0.046875 0.06796875
1 0.77890625 0.69375 0.04140625 0.0703125
1 0.575 0.92421875 0.05 0.08125
1 0.54765625 0.36015625 0.034375 0.0484375
1 0.48984375 0.94609375 0.0515625 0.07578125
1 0.64921875 0.8984375 0.0484375 0.084375
1 0.71953125 0.90546875 0.053125 0.08671875
1 0.040625 0.53125 0.040625 0.06484375
