1 0.58984375 0.23203125 0.02734375 0.03984375
1 0.10703125 0.7015625 0.1203125 0.1796875
0 0.66171875 0.915625 0.02578125 0.053125
1 0.4703125 0.65703125 0.02890625 0.046875
1 0.8859375 0.15234375 0.02109375 0.03828125
1 0.39453125 0.05078125 0.025 0.03828125
1 0.803125 0.07421875 0.02109375 0.0359375
1 0.67109375 0.7859375 0.03125 0.05078125
1 0.71171875 0.890625 0.0375 0.06328125
1 0.628125 0.49453125 0.02734375 0.04140625
1 0.7859375 0.8390625 0.03671875 0.0703125
1 0.86875 0.49375 0.03671875 0.05859375
1 0.75078125 0.1734375 0.0265625 0.0484375
1 0.05390625 0.121875 0.0390625 0.05625
