0 0.603125 0.54609375 0.0421875 0.05625
1 0.92421875 0.44375 0.03046875 0.04375
1 0.98515625 0.428125 0.021875 0.034375
1 0.79296875 0.21328125 0.02265625 0.03203125
1 0.71953125 0.12578125 0.02734375 0.03046875
1 0.08671875 0.43671875 0.03984375 0.05078125
1 0.7265625 0.27890625 0.02421875 0.03125
1 0.73828125 0.30703125 0.02890625 0.0359375
1 0.84296875 0.428125 0.03125 0.04375
1 0.9609375 0.3078125 0.03046875 0.0359375
1 0.4703125 0.10703125 0.02265625 0.02890625
1 0.153125 0.265625 0.03359375 0.04140625
1 0.890625 0.36171875 0.03046875 0.040625
1 0.865625 0.34453125 0.0234375 0.03515625
1 0.01796875 0.7765625 0.0359375 0.0796875
1 0.103125 0.34375 0.03671875 0.04453125
1 0.665625 0.646875 0.04296875 0.06171875
