0 0.609375 0.6109375 0.0515625 0.06484375
0 0.246875 0.54609375 0.05078125 0.06875
0 0.16015625 0.2515625 0.04921875 0.06328125
0 0.38671875 0.278125 0.04296875 0.059375
0 0.8578125 0.415625 0.06484375 0.11328125
0 0.5203125 0.09453125 0.05703125 0.06015625
0 0.02578125 0.115625 0.04375 0.1234375
0 0.16875 0.475 0.08046875 0.07578125
0 0.37734375 0.38828125 0.05 0.08515625
1 0.88671875 0.73671875 0.06328125 0.07890625
0 0.70078125 0.71171875 0.07578125 0.1046875
0 0.23046875 0.2640625 0.05703125 0.0890625
0 0.30625 0.05390625 0.06875 0.0953125
1 0.85859375 0.628125 0.11015625 0.16328125
0 0.7828125 0.4515625 0.059375 0.07578125
