1 0.69140625 0.309375 0.025 0.03125
1 0.28984375 0.4015625 0.0234375 0.02890625
1 0.78671875 0.159375 0.02109375 0.02265625
1 0.37421875 0.15546875 0.02109375 0.01875
1 0.25625 0.20703125 0.02109375 0.02265625
1 0.503125 0.32109375 0.071875 0.1890625
1 0.940625 0.19375 0.028125 0.025
1 0.9265625 0.3140625 0.028125 0.0265625
1 0.31015625 0.28515625 0.0234375 0.0265625
1 0.87265625 0.19140625 0.0234375 0.0203125
1 0.30234375 0.1984375 0.02109375 0.02265625
1 0.35625 0.1515625 0.01796875 0.02265625
1 0.7734375 0.22734375 0.021875 0.0265625
1 0.321875 0.1890625 0.02109375 0.025
1 0.97421875 0.26640625 0.0265625 0.0265625
1 0.22578125 0.2609375 0.0265625 0.025
0 0.3515625 0.228125 0.05546875 0.03671875
