1 0.8125 0.79453125 0.01953125 0.03359375
1 0.8140625 0.5890625 0.01796875 0.034375
1 0.0546875 0.5640625 0.03359375 0.04609375
1 0.1984375 0.83125 0.02578125 0.040625
1 0.80703125 0.47890625 0.0171875 0.0296875
1 0.58984375 0.75625 0.02578125 0.0390625
0 0.46328125 0.69765625 0.03984375 0.06796875
1 0.1375 0.309375 0.03125 0.05625
1 0.76953125 0.46640625 0.01953125 0.03046875
1 0.24140625 0.72578125 0.02421875 0.03125
1 0.0453125 0.44140625 0.03203125 0.0390625
1 0.571875 0.10859375 0.01796875 0.02578125
1 0.884375 0.7125 0.02265625 0.034375
1 0.20078125 0.15703125 0.1359375 0.08203125
1 0.6703125 0.753125 0.02265625 0.03671875
1 0.61640625 0.57421875 0.02421875 0.0359375
1 0.84296875 0.84921875 0.02109375 0.03671875
1 0.7703125 0.12421875 0.10859375 0.07109375
1 0.81328125 0.42890625 0.01953125 0.03125
1 0.821875 0.82734375 0.01953125 0.03046875
1 0.82421875 0.49296875 0.01796875 0.028125
1 0.4640625 0.696875 0.03984375 0.06640625
1 0.19375 0.56875 0.02890625 0.04140625
1 0.8890625 0.4515625 0.021875 0.03046875
1 0.78203125 0.73828125 0.0234375 0.0390625
1 0.30234375 0.52890625 0.02421875 0.03671875
1 0.24140625 0.375 0.02578125 0.03671875
1 0.7609375 0.81484375 0.02421875 0.03671875
1 0.88515625 0.5609375 0.01953125 0.03125
1 0.09140625 0.796875 0.15546875 0.23671875
1 0.903125 0.63984375 0.021875 0.03125
1 0.1859375 0.06875 0.11328125 0.07578125
1 0.27890625 0.3609375 0.02421875 0.03828125
1 0.79609375 0.86171875 0.02265625 0.0359375
1 0.1625 0.62421875 0.0296875 0.04453125
1 0.56484375 0.7390625 0.02421875 0.03984375
1 0.028125 0.640625 0.03046875 0.04375
1 0.35546875 0.71171875 0.1421875 0.11171875
