1 0.6640625 0.17890625 0.01640625 0.0234375
1 0.22890625 0.75390625 0.02109375 0.03046875
1 0.10859375 0.8640625 0.02734375 0.04453125
1 0.40234375 0.53828125 0.034375 0.08125
1 0.6875 0.7984375 0.02578125 0.04140625
1 0.07109375 0.65546875 0.025 0.03515625
1 0.28046875 0.5484375 0.01796875 0.028125
1 0.72265625 0.24609375 0.01875 0.025
1 0.6171875 0.75390625 0.02421875 0.040625
1 0.61171875 0.79296875 0.025 0.03984375
1 0.7484375 0.75390625 0.02578125 0.040625
1 0.08203125 0.87421875 0.02734375 0.04140625
1 0.49609375 0.8734375 0.02578125 0.0390625
1 0.27578125 0.4140625 0.01875 0.0296875
1 0.55 0.3453125 0.01875 0.02421875
1 0.0796875 0.1328125 0.09765625 0.06796875
1 0.27890625 0.053125 0.04765625 0.04140625
0 0.54140625 0.80078125 0.02265625 0.03828125
1 0.63515625 0.834375 0.02421875 0.03515625
1 0.7078125 0.16953125 0.0171875 0.0234375
1 0.271875 0.909375 0.02578125 0.0390625
1 0.6421875 0.2484375 0.090625 0.146875
1 0.61171875 0.1484375 0.0140625 0.01875
1 0.6625 0.81875 0.021875 0.03671875
1 0.64296875 0.778125 0.02265625 0.0390625
