1 0.503125 0.74296875 0.03984375 0.06640625
1 0.29609375 0.628125 0.03515625 0.05390625
1 0.53828125 0.81640625 0.03984375 0.06796875
1 0.55703125 0.58125 0.07890625 0.18203125
0 0.5328125 0.33125 0.03359375 0.046875
1 0.32265625 0.74375 0.04453125 0.05859375
1 0.5203125 0.3 0.02890625 0.03671875
1 0.54921875 0.3625 0.025 0.05078125
1 0.7953125 0.93203125 0.04765625 0.06796875
1 0.52578125 0.35859375 0.02421875 0.0296875
1 0.65390625 0.128125 0.05390625 0.1265625
1 0.35625 0.3625 0.10078125 0.13046875
1 0.88359375 0.59375 0.03515625 0.06015625
1 0.68359375 0.61953125 0.01953125 0.04140625
1 0.26640625 0.6890625 0.06953125 0.059375
1 0.21875 0.4390625 0.0359375 0.0984375
1 0.74921875 0.0734375 0.04140625 0.03828125
1 0.25078125 0.47109375 0.059375 0.11484375
1 0.1 0.428125 0.0359375 0.0546875
1 0.63203125 0.15 0.03828125 0.0890625
1 0.64765625 0.7296875 0.05703125 0.078125
1 0.50546875 0.36875 0.0359375 0.0703125
1 0.83125 0.3734375 0.03828125 0.0484375
1 0.6484375 0.37890625 0.03203125 0.0640625
0 0.75625 0.24453125 0.0421875 0.05078125
1 0.4546875 0.715625 0.046875 0.08125
1 0.64296875 0.621875 0.04140625 0.053125
0 0.44609375 0.46640625 0.01953125 0.03828125
1 0.81875 0.64375 0.0375 0.0640625
