0 0.4796875 0.79453125 0.13515625 0.13515625
1 0.21796875 0.06640625 0.02421875 0.025
1 0.15859375 0.24921875 0.11953125 0.14140625
1 0.53515625 0.140625 0.01875 0.02578125
1 0.23515625 0.24765625 0.021875 0.0234375
1 0.51953125 0.2296875 0.015625 0.02421875
1 0.2515625 0.20078125 0.01953125 0.034375
0 0.1015625 0.4390625 0.059375 0.09609375
1 0.13203125 0.07421875 0.01640625 0.03125
1 0.4265625 0.48515625 0.184375 0.190625
1 0.5109375 0.15546875 0.0203125 0.0515625
1 0.08125 0.715625 0.09140625 0.15859375
1 0.09765625 0.05625 0.02265625 0.0296875
1 0.87578125 0.21875 0.034375 0.05625
1 0.68671875 0.1515625 0.20625 0.290625
1 0.08828125 0.1390625 0.03515625 0.0359375
1 0.15234375 0.1078125 0.021875 0.01953125
1 0.31875 0.6109375 0.06015625 0.084375
1 0.23671875 0.18046875 0.01328125 0.02109375
1 0.38671875 0.18984375 0.22890625 0.3796875
1 0.309375 0.68828125 0.04609375 0.065625
1 0.0765625 0.08125 0.01640625 0.02578125
