1 0.146875 0.68359375 0.0359375 0.0296875
1 0.60546875 0.31328125 0.040625 0.05078125
1 0.25234375 0.453125 0.0234375 0.021875
1 0.47265625 0.28203125 0.03046875 0.0546875
0 0.62890625 0.615625 0.0265625 0.040625
1 0.61796875 0.75390625 0.13046875 0.18203125
1 0.3109375 0.93828125 0.01015625 0.04140625
1 0.63203125 0.496875 0.02734375 0.06484375
1 0.82734375 0.4921875 0.01796875 0.03046875
1 0.44921875 0.18125 0.03125 0.04140625
0 0.23828125 0.77421875 0.01953125 0.03515625
1 0.6125 0.85078125 0.0328125 0.084375
1 0.3140625 0.29296875 0.0390625 0.06015625
1 0.55390625 0.41015625 0.0375 0.05703125
0 0.24140625 0.51015625 0.0234375 0.03359375
1 0.58671875 0.32890625 0.04140625 0.06015625
1 0.35234375 0.18984375 0.05078125 0.0984375
1 0.5 0.28828125 0.0234375 0.03828125
1 0.54453125 0.63203125 0.03046875 0.02421875
1 0.2734375 0.63203125 0.02578125 0.0390625
1 0.265625 0.30546875 0.02734375 0.03515625
1 0.41328125 0.14140625 0.03671875 0.05
1 0.3703125 0.4875 0.02109375 0.02890625
1 0.41484375 0.3171875 0.02109375 0.03046875
1 0.49375 0.25078125 0.01875 0.0296875
1 0.84765625 0.3859375 0.12421875 0.1296875
1 0.5828125 0.7109375 0.02421875 0.021875
