1 0.05234375 0.22265625 0.02421875 0.03046875
0 0.11640625 0.528125 0.0359375 0.03515625
1 0.2796875 0.49765625 0.15703125 0.053125
0 0.76875 0.98828125 0.02734375 0.0234375
1 0.1078125 0.1140625 0.025 0.04375
1 0.68515625 0.36796875 0.06015625 0.15859375
1 0.015625 0.09453125 0.02421875 0.03046875
0 0.1703125 0.57109375 0.02578125 0.03671875
1 0.78125 0.453125 0.02578125 0.025
0 0.1234375 0.46015625 0.01953125 0.040625
1 0.04921875 0.12421875 0.0265625 0.03359375
1 0.51796875 0.61875 0.02578125 0.075
1 0.32265625 0.28046875 0.02734375 0.02890625
0 0.18671875 0.4234375 0.015625 0.0296875
1 0.25234375 0.46953125 0.0234375 0.02890625
0 0.51953125 0.878125 0.01796875 0.03046875
1 0.171875 0.11328125 0.02265625 0.03984375
0 0.36640625 0.459375 0.01875 0.0390625
1 0.0390625 0.86484375 0.06796875 0.209375
1 0.3796875 0.190625 0.02421875 0.0265625
1 0.33984375 0.0515625 0.01640625 0.028125
1 0.31328125 0.72578125 0.0625 0.08515625
1 0.57109375 0.48359375 0.05859375 0.14140625
1 0.44375 0.5375 0.0546875 0.03828125
1 0.02734375 0.2015625 0.02578125 0.04140625
1 0.215625 0.14375 0.02265625 0.034375
1 0.86328125 0.74140625 0.05078125 0.0859375
1 0.06640625 0.1578125 0.028125 0.03046875
1 0.11875 0.59921875 0.03125 0.04453125
