1 0.85625 0.50625 0.06484375 0.1015625
1 0.203125 0.3078125 0.03984375 0.06796875
1 0.88515625 0.21875 0.01484375 0.0265625
0 0.33515625 0.55625 0.03203125 0.05390625
1 0.88359375 0.4265625 0.03984375 0.07109375
1 0.5578125 0.52265625 0.0453125 0.06796875
1 0.384375 0.62109375 0.021875 0.03359375
1 0.5 0.4453125 0.03828125 0.04609375
1 0.84609375 0.26640625 0.05234375 0.1109375
0 0.49140625 0.68125 0.03203125 0.0546875
1 0.75625 0.1234375 0.02109375 0.03203125
1 0.20703125 0.87578125 0.05390625 0.08359375
1 0.6578125 0.43671875 0.05703125 0.1
0 0.29609375 0.54453125 0.02734375 0.05078125
0 0.72109375 0.49609375 0.03125 0.0484375
1 0.56875 0.69375 0.02421875 0.0609375
1 0.70859375 0.44921875 0.04296875 0.075
