0 0.34765625 0.84453125 0.02578125 0.04140625
1 0.10703125 0.0296875 0.0125 0.0203125
0 0.22109375 0.73828125 0.01875 0.0359375
1 0.096875 0.51796875 0.02265625 0.034375
1 0.04921875 0.8875 0.078125 0.16171875
0 0.50390625 0.93125 0.0296875 0.05
1 0.54453125 0.16875 0.015625 0.03203125
1 0.20546875 0.15859375 0.05390625 0.11015625
1 0.3671875 0.128125 0.0125 0.02109375
1 0.53984375 0.40625 0.16171875 0.25390625
1 0.19140625 0.3921875 0.14453125 0.1765625
0 0.7609375 0.1171875 0.02734375 0.053125
1 0.0734375 0.75703125 0.02578125 0.0734375
1 0.65 0.03046875 0.04609375 0.06015625
1 0.38515625 0.39609375 0.046875 0.08203125
0 0.290625 0.5046875 0.02421875 0.040625
