0 0.3921875 0.8296875 0.02109375 0.0390625
0 0.2359375 0.96953125 0.02421875 0.04140625
0 0.1890625 0.89296875 0.02421875 0.040625
0 0.63515625 0.75390625 0.021875 0.03125
0 0.4125 0.94375 0.03359375 0.04453125
0 0.496875 0.60625 0.0234375 0.03359375
0 0.446875 0.8109375 0.0359375 0.046875
0 0.16484375 0.7796875 0.01953125 0.04609375
0 0.4734375 0.54296875 0.025 0.03359375
0 0.590625 0.69609375 0.025 0.04375
0 0.75078125 0.66875 0.0234375 0.03828125
1 0.940625 0.121875 0.01953125 0.03515625
0 0.52265625 0.81953125 0.025 0.04140625
