1 0.40859375 0.2390625 0.1390625 0.15546875
1 0.09921875 0.64921875 0.1640625 0.22109375
1 0.5359375 0.56953125 0.1375 0.29765625
1 0.70390625 0.23671875 0.1734375 0.28125
0 0.45 0.95390625 0.0625 0.0765625
1 0.88828125 0.45625 0.2140625 0.4921875
1 0.234375 0.465625 0.09375 0.11171875
1 0.61953125 0.73203125 0.1828125 0.2078125
1 0.4421875 0.02578125 0.0625 0.040625
1 0.15 0.4015625 0.14375 0.20234375
1 0.30546875 0.62421875 0.1546875 0.17734375
1 0.52265625 0.21875 0.1421875 0.34453125
1 0.3578125 0.4578125 0.28125 0.325
