0 0.575 0.8890625 0.04296875 0.0859375
1 0.43203125 0.76171875 0.08984375 0.1734375
1 0.896875 0.9109375 0.1234375 0.1734375
0 0.45859375 0.4390625 0.02109375 0.06015625
1 0.803125 0.6875 0.02578125 0.046875
1 0.621875 0.7015625 0.0890625 0.184375
1 0.89375 0.115625 0.0703125 0.0640625
1 0.315625 0.59453125 0.08203125 0.13828125
1 0.53671875 0.38671875 0.02890625 0.03671875
1 0.7765625 0.77421875 0.04296875 0.08984375
1 0.50078125 0.04453125 0.01953125 0.06171875
1 0.7671875 0.19296875 0.08359375 0.1203125
1 0.31171875 0.26796875 0.01796875 0.05546875
1 0.40078125 0.18046875 0.02109375 0.05078125
