1 0.834375 0.43671875 0.0640625 0.115625
1 0.30625 0.93046875 0.0453125 0.1390625
1 0.9453125 0.9359375 0.06015625 0.11484375
0 0.7359375 0.73671875 0.0328125 0.0609375
1 0.20546875 0.88671875 0.04609375 0.07421875
1 0.3765625 0.840625 0.01796875 0.08828125
1 0.4703125 0.35234375 0.04375 0.05625
1 0.33671875 0.82109375 0.03828125 0.06640625
1 0.659375 0.77890625 0.09296875 0.171875
0 0.92421875 0.109375 0.03046875 0.04375
1 0.61953125 0.15546875 0.0140625 0.021875
1 0.78203125 0.8609375 0.03046875 0.05
0 0.30234375 0.3140625 0.02890625 0.05
1 0.74296875 0.59453125 0.03515625 0.059375
1 0.0578125 0.64140625 0.05703125 0.084375
1 0.53203125 0.3359375 0.04609375 0.06796875
0 0.1265625 0.7015625 0.02890625 0.05078125
1 0.9421875 0.81875 0.059375 0.09453125
1 0.109375 0.61875 0.040625 0.0609375
1 0.15078125 0.46796875 0.05859375 0.0953125
1 0.53203125 0.3359375 0.04609375 0.065625
0 0.08125 0.72890625 0.03203125 0.05078125
1 0.46171875 0.42578125 0.09609375 0.1703125
1 0.65859375 0.48828125 0.06640625 0.08828125
0 0.3078125 0.365625 0.03515625 0.05703125
1 0.40859375 0.61015625 0.028125 0.04609375
1 0.9046875 0.2609375 0.03515625 0.05
1 0.76953125 0.52890625 0.02734375 0.0453125
1 0.50390625 0.17421875 0.06171875 0.1203125
1 0.19609375 0.37421875 0.04921875 0.08671875
0 0.4578125 0.55625 0.02734375 0.05078125
