1 0.253125 0.2609375 0.03046875 0.04453125
1 0.51015625 0.16171875 0.02421875 0.04921875
1 0.1828125 0.58671875 0.01875 0.04609375
1 0.6375 0.3265625 0.046875 0.07578125
0 0.66640625 0.3609375 0.02109375 0.03671875
1 0.44453125 0.60234375 0.04921875 0.08046875
1 0.61015625 0.20234375 0.04453125 0.07890625
1 0.2171875 0.30703125 0.02578125 0.05703125
1 0.609375 0.20234375 0.04453125 0.07890625
1 0.7375 0.3375 0.01796875 0.03046875
1 0.3734375 0.06640625 0.07734375 0.07890625
1 0.3421875 0.30859375 0.04296875 0.06640625
