0 0.6375 0.86171875 0.03046875 0.0515625
1 0.3984375 0.12421875 0.0953125 0.09609375
1 0.746875 0.46015625 0.05546875 0.08671875
1 0.678125 0.56796875 0.01640625 0.028125
1 0.30546875 0.29921875 0.12109375 0.09453125
1 0.640625 0.96171875 0.06171875 0.075
1 0.24296875 0.17421875 0.08671875 0.10625
1 0.77734375 0.31171875 0.05703125 0.1
1 0.92265625 0.83125 0.03515625 0.05390625
0 0.5796875 0.77890625 0.03359375 0.0484375
1 0.196875 0.9109375 0.03203125 0.040625
0 0.62890625 0.5171875 0.03046875 0.0453125
1 0.56015625 0.4078125 0.02265625 0.053125
1 0.7890625 0.2515625 0.03828125 0.04921875
1 0.48203125 0.58359375 0.01953125 0.04921875
1 0.65859375 0.259375 0.05625 0.090625
1 0.434375 0.85234375 0.07265625 0.13046875
1 0.6078125 0.12421875 0.05546875 0.08359375
1 0.796875 0.96953125 0.0328125 0.05390625
