1 0.5046875 0.9640625 0.04921875 0.06484375
1 0.43828125 0.3265625 0.04375 0.084375
1 0.4109375 0.88359375 0.01015625 0.01953125
1 0.6453125 0.4328125 0.04140625 0.0765625
1 0.32265625 0.84375 0.05078125 0.09375
1 0.4734375 0.3234375 0.0296875 0.05078125
1 0.36328125 0.81953125 0.01796875 0.05
0 0.7171875 0.346875 0.02421875 0.04140625
1 0.18046875 0.60859375 0.05234375 0.04375
1 0.83515625 0.19296875 0.02890625 0.04453125
0 0.45625 0.271875 0.02578125 0.05
1 0.59609375 0.11328125 0.05390625 0.084375
0 0.59765625 0.45078125 0.02578125 0.04453125
0 0.57578125 0.9796875 0.02421875 0.03515625
1 0.90078125 0.103125 0.0640625 0.11171875
1 0.515625 0.65 0.10078125 0.14453125
1 0.51484375 0.425 0.04609375 0.0796875
0 0.475 0.32421875 0.02890625 0.05078125
