1 0.7484375 0.903125 0.053125 0.0625
1 0.51796875 0.6203125 0.0296875 0.04375
1 0.39453125 0.3828125 0.0234375 0.04375
1 0.47109375 0.81953125 0.0265625 0.0328125
0 0.7265625 0.3703125 0.05625 0.05703125
1 0.61953125 0.825 0.0546875 0.07109375
1 0.76953125 0.24765625 0.0421875 0.03515625
1 0.3609375 0.73203125 0.028125 0.04375
0 0.7484375 0.509375 0.040625 0.04609375
1 0.734375 0.7515625 0.03125 0.03828125
0 0.75625 0.2796875 0.046875 0.03515625
0 0.77421875 0.740625 0.0515625 0.065625
1 0.40546875 0.65859375 0.0359375 0.03828125
0 0.71796875 0.2078125 0.0265625 0.0328125
0 0.60234375 0.4375 0.0421875 0.04375
1 0.51171875 0.5515625 0.0359375 0.04375
1 0.2453125 0.44921875 0.071875 0.06796875
0 0.7359375 0.5671875 0.053125 0.05703125
0 0.4953125 0.2953125 0.0375 0.0328125
0 0.8984375 0.6 0.071875 0.0953125
0 0.64140625 0.26640625 0.0265625 0.03515625
0 0.64765625 0.3609375 0.0421875 0.03828125
0 0.68359375 0.30703125 0.0421875 0.040625
1 0.4921875 0.8015625 0.0125 0.01875
