1 0.45859375 0.8140625 0.05703125 0.09453125
1 0.80625 0.13515625 0.05078125 0.071875
0 0.7171875 0.89453125 0.02890625 0.05078125
1 0.390625 0.6359375 0.0578125 0.11640625
0 0.5578125 0.5609375 0.0171875 0.04453125
1 0.590625 0.66953125 0.06015625 0.1203125
1 0.225 0.065625 0.03984375 0.08671875
1 0.11015625 0.465625 0.01875 0.046875
1 0.35234375 0.5640625 0.0453125 0.11484375
1 0.24140625 0.9125 0.0546875 0.0953125
1 0.9515625 0.78046875 0.07109375 0.1234375
1 0.29921875 0.06875 0.01171875 0.02109375
1 0.59375 0.3140625 0.05703125 0.09609375
1 0.49453125 0.775 0.06640625 0.21484375
1 0.746875 0.38828125 0.01953125 0.034375
1 0.30625 0.55390625 0.0765625 0.10703125
0 0.75703125 0.40546875 0.01640625 0.03359375
1 0.76875 0.83671875 0.23828125 0.30859375
0 0.61953125 0.896875 0.03828125 0.0796875
1 0.4234375 0.0921875 0.01484375 0.025
1 0.2765625 0.315625 0.01953125 0.02421875
1 0.7125 0.67421875 0.0140625 0.025
1 0.3046875 0.2421875 0.06328125 0.12109375
1 0.92109375 0.6140625 0.015625 0.02890625
1 0.42734375 0.55234375 0.03125 0.06015625
1 0.13828125 0.3890625 0.02734375 0.0484375
1 0.2578125 0.309375 0.01640625 0.0234375
1 0.440625 0.23046875 0.0421875 0.0796875
1 0.59453125 0.27890625 0.08203125 0.125
1 0.46171875 0.94453125 0.01953125 0.03515625
1 0.503125 0.5375 0.0578125 0.08984375
1 0.57421875 0.12109375 0.05703125 0.10390625
1 0.16953125 0.22578125 0.03828125 0.06875
1 0.709375 0.54453125 0.01484375 0.0296875
1 0.2546875 0.72890625 0.0515625 0.10703125
0 0.30390625 0.24609375 0.04453125 0.084375
1 0.74453125 0.27421875 0.05859375 0.09375
1 0.840625 0.1546875 0.02890625 0.05703125
1 0.15390625 0.453125 0.03359375 0.0734375
1 0.18359375 0.35859375 0.03984375 0.065625
1 0.65234375 0.73203125 0.08515625 0.12421875
