1 0.7625 0.6234375 0.0171875 0.03515625
1 0.54296875 0.575 0.040625 0.05703125
1 0.303125 0.4890625 0.01328125 0.025
1 0.21796875 0.27578125 0.03359375 0.025
1 0.40625 0.48984375 0.0109375 0.02421875
1 0.59765625 0.6828125 0.03671875 0.05078125
1 0.45234375 0.69609375 0.01171875 0.01953125
1 0.60703125 0.5203125 0.04140625 0.06328125
1 0.59296875 0.29609375 0.03046875 0.0734375
1 0.59765625 0.24140625 0.02421875 0.040625
1 0.51953125 0.61796875 0.01015625 0.01953125
0 0.4 0.83828125 0.01875 0.03125
1 0.575 0.63203125 0.02265625 0.03671875
1 0.503125 0.625 0.01015625 0.01875
1 0.6484375 0.23046875 0.01953125 0.025
1 0.590625 0.7296875 0.02890625 0.0484375
1 0.6140625 0.309375 0.021875 0.04296875
1 0.528125 0.315625 0.05078125 0.06640625
1 0.32109375 0.409375 0.01640625 0.021875
1 0.89765625 0.27265625 0.025 0.04375
