1 0.56953125 0.0203125 0.01875 0.028125
1 0.4859375 0.57265625 0.04140625 0.07109375
1 0.66015625 0.43828125 0.05546875 0.08125
1 0.6328125 0.3765625 0.05859375 0.103125
1 0.47421875 0.1765625 0.02421875 0.01796875
1 0.44453125 0.79375 0.03828125 0.04375
0 0.6984375 0.24453125 0.025 0.04296875
1 0.42734375 0.1546875 0.03203125 0.12421875
1 0.35078125 0.43125 0.04375 0.07109375
1 0.4515625 0.50859375 0.0203125 0.05859375
1 0.28515625 0.621875 0.02734375 0.028125
1 0.7359375 0.153125 0.06328125 0.109375
0 0.846875 0.7 0.03046875 0.059375
1 0.6046875 0.50078125 0.0546875 0.08515625
0 0.41953125 0.9078125 0.03359375 0.0453125
1 0.84453125 0.2203125 0.06015625 0.09609375
1 0.67265625 0.04453125 0.04375 0.0703125
1 0.66796875 0.7296875 0.0671875 0.1109375
