1 0.55234375 0.815625 0.18125 0.26328125
1 0.70546875 0.50390625 0.11484375 0.1015625
0 0.39453125 0.809375 0.03828125 0.05078125
1 0.09453125 0.82109375 0.11640625 0.1484375
1 0.46796875 0.28203125 0.07421875 0.06484375
1 0.85625 0.48671875 0.0375 0.05390625
1 0.45859375 0.33515625 0.05234375 0.09296875
1 0.20078125 0.25859375 0.05546875 0.14375
1 0.3 0.340625 0.034375 0.0546875
0 0.784375 0.3640625 0.04765625 0.07890625
1 0.38828125 0.08125 0.03515625 0.04453125
1 0.29609375 0.4625 0.12421875 0.096875
1 0.3984375 0.5640625 0.07578125 0.10546875
1 0.61484375 0.553125 0.090625 0.19921875
