0 0.50859375 0.49921875 0.03515625 0.053125
1 0.7859375 0.09921875 0.0359375 0.04296875
1 0.57265625 0.23671875 0.040625 0.040625
0 0.3421875 0.29453125 0.02109375 0.0296875
0 0.40625 0.2359375 0.02578125 0.03671875
0 0.4546875 0.79375 0.02890625 0.0484375
0 0.47890625 0.68359375 0.0375 0.06015625
0 0.31484375 0.04375 0.0296875 0.040625
0 0.2 0.203125 0.03203125 0.04296875
1 0.65390625 0.3328125 0.03046875 0.034375
0 0.3578125 0.36875 0.03203125 0.0453125
0 0.76875 0.88203125 0.04921875 0.08671875
1 0.89375 0.46875 0.03984375 0.07109375
1 0.74609375 0.08203125 0.02265625 0.05546875
1 0.21796875 0.5859375 0.05546875 0.1984375
0 0.34140625 0.61328125 0.04296875 0.059375
0 0.634375 0.85234375 0.03828125 0.06015625
1 0.640625 0.14375 0.02421875 0.05390625
0 0.4296875 0.50546875 0.0234375 0.040625
1 0.84296875 0.140625 0.02890625 0.05
1 0.01328125 0.6328125 0.0265625 0.06953125
0 0.74765625 0.465625 0.02421875 0.03984375
1 0.39921875 0.9484375 0.07421875 0.0796875
0 0.24609375 0.3078125 0.02890625 0.05859375
