0 0.490625 0.45390625 0.03046875 0.05078125
0 0.63671875 0.94140625 0.021875 0.04375
1 0.29453125 0.553125 0.08046875 0.1203125
0 0.41171875 0.93125 0.03046875 0.05703125
0 0.34453125 0.78984375 0.02890625 0.04296875
0 0.43203125 0.57265625 0.03046875 0.04921875
1 0.76328125 0.1171875 0.01484375 0.0265625
1 0.2171875 0.29296875 0.0640625 0.1
0 0.84140625 0.71875 0.025 0.04140625
1 0.225 0.78359375 0.10546875 0.14921875
1 0.96640625 0.94140625 0.034375 0.06484375
0 0.128125 0.90703125 0.05 0.06640625
1 0.24765625 0.63046875 0.06796875 0.10625
1 0.38125 0.19140625 0.06015625 0.09453125
1 0.690625 0.83203125 0.0265625 0.04375
1 0.8984375 0.7296875 0.05390625 0.0796875
1 0.0421875 0.190625 0.06640625 0.1
1 0.67265625 0.509375 0.02421875 0.0359375
1 0.7375 0.70234375 0.04140625 0.08046875
1 0.746875 0.0734375 0.01796875 0.03515625
1 0.78125 0.0328125 0.0140625 0.025
1 0.13515625 0.325 0.01640625 0.028125
0 0.43359375 0.78125 0.02890625 0.06015625
1 0.45 0.20390625 0.04765625 0.07578125
1 0.7765625 0.13125 0.01484375 0.0265625
1 0.10234375 0.81875 0.078125 0.1296875
1 0.51015625 0.0890625 0.0421875 0.07890625
1 0.528125 0.68046875 0.02265625 0.040625
0 0.6203125 0.90546875 0.02734375 0.04375
1 0.9484375 0.16015625 0.01953125 0.028125
1 0.28515625 0.9140625 0.11953125 0.16953125
1 0.16640625 0.4390625 0.02890625 0.03828125
1 0.53828125 0.171875 0.05859375 0.1015625
1 0.53984375 0.50859375 0.08203125 0.146875
0 0.3625 0.48671875 0.02265625 0.0359375
1 0.10546875 0.025 0.01484375 0.02421875
0 0.39609375 0.69296875 0.03203125 0.0453125
1 0.321875 0.22109375 0.146875 0.1140625
1 0.51953125 0.9484375 0.0265625 0.04609375
1 0.96640625 0.6484375 0.06484375 0.1453125
