1 0.39140625 0.3546875 0.01640625 0.0515625
1 0.4828125 0.3765625 0.0265625 0.078125
1 0.59140625 0.61328125 0.03359375 0.0578125
1 0.73828125 0.4390625 0.0375 0.08046875
1 0.48125 0.1953125 0.01796875 0.065625
1 0.053125 0.68203125 0.03203125 0.06796875
1 0.63984375 0.171875 0.0265625 0.0640625
0 0.7765625 0.596875 0.08359375 0.090625
1 0.15 0.478125 0.03046875 0.08046875
0 0.62109375 0.50078125 0.06953125 0.07578125
1 0.4078125 0.62265625 0.0265625 0.0640625
0 0.28515625 0.5578125 0.059375 0.0984375
1 0.925 0.34765625 0.025 0.053125
1 0.728125 0.24609375 0.01953125 0.0515625
