0 0.17421875 0.878125 0.025 0.03125
0 0.8015625 0.8984375 0.046875 0.06953125
0 0.23515625 0.38359375 0.04296875 0.046875
0 0.10703125 0.671875 0.03515625 0.04921875
0 0.63046875 0.496875 0.0296875 0.03671875
1 0.29453125 0.765625 0.06484375 0.1140625
1 0.5640625 0.58671875 0.06953125 0.10078125
0 0.12265625 0.5109375 0.04140625 0.04375
1 0.190625 0.5734375 0.04921875 0.06796875
0 0.1453125 0.57734375 0.02421875 0.034375
0 0.34140625 0.5015625 0.02578125 0.03203125
1 0.50078125 0.2640625 0.04296875 0.0640625
1 0.08671875 0.16953125 0.04296875 0.05078125
1 0.70703125 0.8015625 0.03515625 0.05625
1 0.278125 0.8828125 0.01953125 0.025
0 0.36015625 0.6390625 0.04375 0.05
0 0.690625 0.42578125 0.0953125 0.109375
1 0.37265625 0.15078125 0.0296875 0.0703125
