0 0.34296875 0.58125 0.03515625 0.0546875
1 0.21953125 0.53828125 0.06484375 0.1953125
0 0.14453125 0.6578125 0.02109375 0.0359375
0 0.5078125 0.47109375 0.03515625 0.05
0 0.45546875 0.7515625 0.03046875 0.0484375
1 0.7796875 0.084375 0.0359375 0.040625
1 0.740625 0.06875 0.0234375 0.05390625
0 0.7578125 0.8359375 0.04921875 0.08359375
1 0.63671875 0.128125 0.02421875 0.05
0 0.47890625 0.64921875 0.03203125 0.046875
1 0.01875 0.596875 0.0375 0.06328125
0 0.690625 0.83671875 0.03046875 0.046875
0 0.359375 0.34453125 0.03125 0.04375
0 0.6296875 0.80859375 0.0453125 0.059375
0 0.7796875 0.31953125 0.02421875 0.03359375
0 0.40546875 0.21796875 0.02890625 0.04140625
1 0.884375 0.4421875 0.03828125 0.06953125
1 0.4 0.8984375 0.07265625 0.078125
1 0.83671875 0.12578125 0.0296875 0.04921875
0 0.834375 0.409375 0.02734375 0.04375
0 0.42890625 0.47734375 0.02265625 0.04140625
