1 0.815625 0.559375 0.05859375 0.1
1 0.96796875 0.94765625 0.05859375 0.05625
1 0.95234375 0.859375 0.0875 0.1453125
1 0.88984375 0.8453125 0.05859375 0.06640625
1 0.53984375 0.9203125 0.07109375 0.1390625
1 0.87265625 0.92890625 0.09140625 0.11875
1 0.3078125 0.88125 0.03046875 0.05
1 0.34453125 0.47109375 0.0328125 0.03828125
0 0.80703125 0.97578125 0.02890625 0.040625
1 0.41328125 0.83671875 0.03515625 0.05703125
1 0.3609375 0.946875 0.10234375 0.1
1 0.32265625 0.68671875 0.08125 0.11484375
1 0.49296875 0.83046875 0.02421875 0.04140625
1 0.5546875 0.54296875 0.07109375 0.09296875
1 0.64296875 0.584375 0.0171875 0.028125
