1 0.6015625 0.4859375 0.05546875 0.090625
1 0.821875 0.59609375 0.02109375 0.0734375
1 0.11953125 0.73671875 0.071875 0.11171875
1 0.70390625 0.4265625 0.059375 0.0984375
1 0.821875 0.38671875 0.05546875 0.08359375
1 0.5078125 0.6765625 0.0734375 0.11953125
1 0.76328125 0.6515625 0.01953125 0.03984375
1 0.90390625 0.71640625 0.09765625 0.16953125
1 0.621875 0.81875 0.06484375 0.1234375
0 0.63515625 0.90234375 0.028125 0.046875
1 0.584375 0.39609375 0.0515625 0.08125
1 0.49921875 0.9484375 0.08984375 0.1015625
1 0.0375 0.88359375 0.03671875 0.034375
