0 0.46328125 0.33671875 0.0375 0.06171875
0 0.296875 0.58125 0.03828125 0.05390625
1 0.31484375 0.2109375 0.03203125 0.04296875
0 0.5265625 0.76328125 0.03203125 0.04609375
1 0.8796875 0.10546875 0.02578125 0.05078125
1 0.07890625 0.70390625 0.06484375 0.103125
0 0.63515625 0.5484375 0.0265625 0.04296875
0 0.39609375 0.84375 0.04140625 0.06171875
1 0.4109375 0.709375 0.10546875 0.1546875
1 0.928125 0.90546875 0.03359375 0.0546875
0 0.55703125 0.88359375 0.0453125 0.06171875
1 0.46484375 0.184375 0.028125 0.0359375
1 0.425 0.96484375 0.04765625 0.06640625
1 0.81015625 0.75078125 0.04296875 0.1015625
1 0.13671875 0.2890625 0.04609375 0.0515625
