1 0.43046875 0.56796875 0.040625 0.0515625
1 0.45703125 0.140625 0.0171875 0.040625
0 0.79609375 0.5171875 0.0265625 0.03984375
1 0.93125 0.20625 0.01953125 0.02890625
1 0.64921875 0.01640625 0.03046875 0.03203125
0 0.353125 0.759375 0.02578125 0.04453125
1 0.790625 0.70625 0.04765625 0.05625
1 0.12109375 0.20390625 0.03828125 0.04609375
0 0.32890625 0.38828125 0.028125 0.04140625
1 0.98359375 0.3328125 0.0296875 0.04140625
1 0.0375 0.1 0.0328125 0.0390625
1 0.68984375 0.28359375 0.02421875 0.03359375
1 0.8984375 0.14609375 0.03046875 0.04375
1 0.2828125 0.46640625 0.03671875 0.06015625
1 0.16171875 0.69375 0.0328125 0.08671875
1 0.54375 0.0890625 0.021875 0.0390625
1 0.17421875 0.56171875 0.040625 0.0734375
1 0.275 0.26796875 0.04140625 0.04453125
1 0.5703125 0.08203125 0.02265625 0.05
0 0.36796875 0.61171875 0.03203125 0.05546875
1 0.79375 0.20625 0.03046875 0.0390625
1 0.59296875 0.22890625 0.03125 0.05859375
1 0.32578125 0.13125 0.01953125 0.03125
1 0.80390625 0.7875 0.028125 0.065625
1 0.778125 0.33203125 0.01796875 0.04609375
1 0.7 0.07578125 0.0171875 0.03359375
1 0.0609375 0.778125 0.0609375 0.05703125
1 0.46640625 0.08984375 0.02578125 0.04453125
1 0.81953125 0.02578125 0.03046875 0.03984375
0 0.46796875 0.84375 0.02734375 0.0515625
1 0.4875 0.034375 0.01953125 0.03984375
1 0.69140625 0.1015625 0.0171875 0.03203125
1 0.0140625 0.2484375 0.028125 0.04453125
1 0.62109375 0.14609375 0.03125 0.0390625
1 0.20234375 0.0234375 0.021875 0.04296875
1 0.56015625 0.64765625 0.021875 0.0453125
1 0.8375 0.415625 0.025 0.0546875
1 0.6125 0.51796875 0.0375 0.04609375
1 0.43828125 0.13203125 0.03125 0.03203125
