1 0.1671875 0.77890625 0.07109375 0.109375
0 0.971875 0.66875 0.0265625 0.04296875
1 0.56328125 0.4046875 0.04140625 0.06875
0 0.96640625 0.60546875 0.04375 0.06015625
0 0.703125 0.2828125 0.02734375 0.03984375
0 0.78125 0.5640625 0.0421875 0.059375
1 0.75234375 0.28046875 0.04609375 0.05703125
0 0.41875 0.43515625 0.0359375 0.05
0 0.07734375 0.2859375 0.03828125 0.046875
0 0.34453125 0.77890625 0.05234375 0.078125
0 0.6375 0.95859375 0.0640625 0.075
1 0.72890625 0.82578125 0.05546875 0.0734375
1 0.5140625 0.07109375 0.0296875 0.05
0 0.33671875 0.55234375 0.046875 0.06796875
1 0.146875 0.6984375 0.07109375 0.04375
1 0.4203125 0.1609375 0.0515625 0.2203125
1 0.71328125 0.078125 0.025 0.06171875
0 0.68125 0.578125 0.03671875 0.05625
0 0.29140625 0.915625 0.04609375 0.0703125
1 0.0140625 0.1171875 0.02734375 0.08203125
0 0.02265625 0.4234375 0.04375 0.05703125
1 0.9265625 0.83046875 0.0828125 0.08984375
1 0.98203125 0.21171875 0.03515625 0.06953125
1 0.52578125 0.04765625 0.02734375 0.04375
