1 0.5015625 0.18515625 0.22890625 0.3703125
0 0.1125 0.30078125 0.053125 0.08828125
0 0.29453125 0.2109375 0.028125 0.03828125
0 0.28046875 0.4671875 0.03359375 0.04921875
0 0.0765625 0.39375 0.04296875 0.078125
1 0.1578125 0.51953125 0.02109375 0.03203125
1 0.18828125 0.20625 0.06484375 0.11484375
0 0.3046875 0.71796875 0.03359375 0.05078125
1 0.85234375 0.4921875 0.10390625 0.18046875
0 0.1375 0.20546875 0.02890625 0.05625
1 0.3265625 0.6515625 0.03828125 0.06640625
1 0.571875 0.584375 0.05859375 0.1984375
