0 0.80234375 0.03671875 0.05703125 0.0625
0 0.2796875 0.59921875 0.040625 0.08984375
1 0.4625 0.90234375 0.0390625 0.1140625
0 0.5765625 0.92109375 0.04140625 0.11953125
0 0.790625 0.64140625 0.05 0.08671875
1 0.6390625 0.03359375 0.0625 0.0671875
0 0.77890625 0.49453125 0.0640625 0.14140625
0 0.915625 0.06640625 0.05546875 0.084375
0 0.625 0.39296875 0.04453125 0.0953125
1 0.528125 0.13203125 0.03046875 0.0625
1 0.81875 0.3625 0.059375 0.06796875
0 0.778125 0.8515625 0.0484375 0.14375
0 0.525 0.65078125 0.04140625 0.10078125
1 0.378125 0.53671875 0.04140625 0.07890625
1 0.91796875 0.196875 0.071875 0.0953125
0 0.646875 0.53125 0.05390625 0.12265625
