1 0.18515625 0.73984375 0.03515625 0.1515625
1 0.2265625 0.5046875 0.03671875 0.1515625
1 0.4640625 0.64296875 0.05390625 0.16015625
1 0.06328125 0.95546875 0.05390625 0.0515625
1 0.44453125 0.91328125 0.04765625 0.11328125
1 0.8484375 0.06171875 0.08203125 0.0859375
1 0.028125 0.871875 0.02734375 0.07421875
1 0.53515625 0.7640625 0.0296875 0.121875
1 0.70078125 0.896875 0.0328125 0.08828125
1 0.37109375 0.36328125 0.09609375 0.11953125
1 0.47734375 0.74921875 0.02109375 0.03203125
1 0.97578125 0.78046875 0.04765625 0.090625
1 0.47265625 0.784375 0.02421875 0.0453125
1 0.9453125 0.08125 0.10546875 0.159375
1 0.10703125 0.43125 0.07265625 0.08125
1 0.27265625 0.67578125 0.021875 0.04375
1 0.36796875 0.259375 0.11171875 0.13671875
1 0.2234375 0.86171875 0.0703125 0.13046875
1 0.103125 0.2984375 0.04453125 0.04140625
1 0.24375 0.74375 0.015625 0.13125
1 0.62890625 0.97578125 0.10078125 0.0484375
0 0.21796875 0.778125 0.01875 0.07578125
1 0.5671875 0.71171875 0.0296875 0.1203125
0 0.21328125 0.65390625 0.025 0.03671875
1 0.36328125 0.9296875 0.053125 0.13671875
1 0.44609375 0.57421875 0.0140625 0.02578125
