0 0.4921875 0.49609375 0.0296875 0.0390625
0 0.4125 0.6578125 0.0265625 0.04140625
1 0.525 0.21640625 0.03203125 0.046875
1 0.53359375 0.62421875 0.03203125 0.0765625
0 0.59765625 0.909375 0.03515625 0.06796875
0 0.703125 0.471875 0.0296875 0.04453125
0 0.1546875 0.75 0.0265625 0.04296875
0 0.39375 0.22890625 0.0265625 0.03515625
1 0.015625 0.18828125 0.03046875 0.04453125
1 0.67890625 0.0234375 0.0234375 0.040625
0 0.27890625 0.75390625 0.05078125 0.08515625
0 0.19921875 0.778125 0.0359375 0.0515625
0 0.64921875 0.34921875 0.034375 0.046875
