1 0.73046875 0.56171875 0.08671875 0.125
1 0.834375 0.8546875 0.16171875 0.278125
1 0.5546875 0.6484375 0.0921875 0.1609375
1 0.21328125 0.63359375 0.19453125 0.41875
1 0.796875 0.23671875 0.0734375 0.13515625
1 0.71640625 0.21796875 0.06640625 0.128125
1 0.55859375 0.65625 0.03203125 0.05
0 0.146875 0.47890625 0.06171875 0.096875
1 0.63125 0.73203125 0.05546875 0.06484375
0 0.4328125 0.13359375 0.0953125 0.13359375
1 0.09453125 0.2375 0.03359375 0.05078125
1 0.41953125 0.875 0.18359375 0.23359375
1 0.63828125 0.75078125 0.0953125 0.17109375
0 0.16875 0.13359375 0.09609375 0.16953125
1 0.2921875 0.4375 0.02578125 0.0453125
1 0.46796875 0.478125 0.07109375 0.14296875
1 0.7484375 0.41796875 0.05625 0.11953125
1 0.696875 0.40546875 0.03359375 0.05
1 0.19609375 0.890625 0.0984375 0.15390625
0 0.6390625 0.2 0.06328125 0.06640625
0 0.28515625 0.04609375 0.071875 0.08671875
0 0.25625 0.35390625 0.05078125 0.075
1 0.4578125 0.2640625 0.03359375 0.06171875
