1 0.6671875 0.61015625 0.03203125 0.06796875
1 0.69140625 0.3875 0.04140625 0.09296875
1 0.16171875 0.41953125 0.02109375 0.0453125
1 0.253125 0.25703125 0.0234375 0.053125
0 0.640625 0.253125 0.05 0.053125
1 0.5609375 0.65 0.03359375 0.16484375
1 0.240625 0.259375 0.03359375 0.0578125
1 0.4140625 0.28359375 0.03046875 0.0984375
1 0.046875 0.3078125 0.03203125 0.059375
1 0.3515625 0.25390625 0.0140625 0.0640625
1 0.615625 0.3640625 0.01796875 0.0453125
1 0.109375 0.6546875 0.04609375 0.053125
1 0.35234375 0.25390625 0.01796875 0.0640625
