1 0.3109375 0.75703125 0.0640625 0.09453125
1 0.95078125 0.2109375 0.084375 0.1796875
0 0.2890625 0.2453125 0.06015625 0.090625
1 0.6953125 0.33671875 0.04609375 0.0984375
1 0.90078125 0.0609375 0.10546875 0.12109375
1 0.1625 0.32734375 0.15234375 0.26171875
1 0.4765625 0.35390625 0.0234375 0.046875
0 0.3453125 0.19375 0.05703125 0.09375
1 0.44140625 0.79765625 0.14140625 0.25625
0 0.459375 0.26953125 0.05703125 0.09375
1 0.24453125 0.33984375 0.0265625 0.04296875
0 0.09453125 0.19140625 0.03984375 0.0984375
1 0.19375 0.55234375 0.0703125 0.11796875
1 0.3375 0.12109375 0.0453125 0.09140625
1 0.484375 0.4859375 0.05859375 0.11171875
1 0.73515625 0.76015625 0.1109375 0.2390625
1 0.3203125 0.59296875 0.10859375 0.2609375
1 0.63203125 0.44375 0.01953125 0.03984375
1 0.5390625 0.1796875 0.03828125 0.06875
