0 0.19765625 0.83828125 0.0375 0.05703125
0 0.434375 0.63828125 0.01953125 0.03984375
0 0.375 0.9515625 0.02265625 0.04609375
0 0.503125 0.7375 0.01640625 0.02890625
0 0.96953125 0.51953125 0.0484375 0.0640625
0 0.65546875 0.65625 0.02421875 0.0359375
0 0.3796875 0.8484375 0.0296875 0.0546875
1 0.54609375 0.44921875 0.03984375 0.04453125
1 0.90859375 0.40234375 0.01875 0.03203125
1 0.27578125 0.63984375 0.02265625 0.03359375
0 0.9796875 0.85546875 0.03828125 0.05
1 0.74375 0.3796875 0.03671875 0.0390625
1 0.63671875 0.365625 0.021875 0.05078125
1 0.34140625 0.90546875 0.06328125 0.14609375
1 0.5859375 0.0734375 0.27734375 0.1390625
1 0.87265625 0.66953125 0.02578125 0.05390625
1 0.7015625 0.52109375 0.04765625 0.09140625
0 0.95390625 0.89609375 0.04921875 0.06484375
1 0.40703125 0.54765625 0.03125 0.04921875
1 0.31484375 0.65625 0.015625 0.0265625
0 0.53515625 0.5421875 0.02578125 0.034375
0 0.353125 0.815625 0.03125 0.04296875
1 0.3578125 0.503125 0.04609375 0.0765625
0 0.96015625 0.62109375 0.05859375 0.08515625
1 0.25078125 0.46171875 0.01953125 0.0484375
