1 0.1390625 0.51640625 0.01484375 0.0265625
1 0.88125 0.50078125 0.0421875 0.06640625
0 0.80625 0.803125 0.0265625 0.046875
1 0.4875 0.653125 0.01640625 0.03125
0 0.59453125 0.6671875 0.03046875 0.0453125
1 0.5171875 0.78046875 0.03359375 0.071875
1 0.69375 0.50625 0.02890625 0.04921875
0 0.35859375 0.31796875 0.021875 0.03984375
1 0.42734375 0.2765625 0.03046875 0.05078125
0 0.5234375 0.859375 0.02578125 0.0640625
0 0.35859375 0.50234375 0.021875 0.03828125
0 0.4796875 0.496875 0.01796875 0.04453125
0 0.61015625 0.7984375 0.01953125 0.05703125
0 0.3171875 0.28046875 0.02578125 0.03671875
1 0.253125 0.5421875 0.01015625 0.025
1 0.50859375 0.4625 0.01328125 0.0265625
1 0.5328125 0.5515625 0.02578125 0.04453125
0 0.3671875 0.4390625 0.02109375 0.04296875
1 0.271875 0.64921875 0.0234375 0.04375
1 0.6265625 0.49140625 0.0359375 0.0796875
0 0.26484375 0.5234375 0.03046875 0.0515625
1 0.56171875 0.28515625 0.02265625 0.04453125
1 0.1796875 0.3984375 0.01015625 0.0234375
1 0.4828125 0.48203125 0.04140625 0.0640625
1 0.97109375 0.40546875 0.04140625 0.05390625
1 0.415625 0.6734375 0.03984375 0.07109375
1 0.88046875 0.70390625 0.05546875 0.075
0 0.35078125 0.56015625 0.03203125 0.05546875
1 0.4234375 0.4765625 0.028125 0.065625
1 0.3765625 0.67109375 0.015625 0.03125
1 0.35625 0.27890625 0.0140625 0.02578125
1 0.86171875 0.44296875 0.09453125 0.07109375
1 0.953125 0.309375 0.06796875 0.078125
1 0.91171875 0.37109375 0.02421875 0.03515625
1 0.25390625 0.75546875 0.02578125 0.04140625
1 0.809375 0.5890625 0.03046875 0.05
1 0.57109375 0.6265625 0.0234375 0.06015625
1 0.86640625 0.60390625 0.05546875 0.08515625
1 0.46640625 0.67890625 0.03203125 0.053125
1 0.2203125 0.80078125 0.03984375 0.0546875
1 0.471875 0.44140625 0.0140625 0.03125
1 0.5046875 0.578125 0.0265625 0.0515625
1 0.32578125 0.971875 0.03671875 0.05078125
1 0.28828125 0.36953125 0.04453125 0.0890625
1 0.684375 0.65625 0.0203125 0.03515625
1 0.65859375 0.78046875 0.04453125 0.08984375
1 0.43359375 0.63203125 0.03515625 0.06015625
1 0.2171875 0.61640625 0.028125 0.05390625
0 0.19375 0.684375 0.02265625 0.046875
1 0.59296875 0.82734375 0.02421875 0.05078125
1 0.2984375 0.9109375 0.03203125 0.05859375
