0 0.94921875 0.68359375 0.0359375 0.059375
1 0.83125 0.74296875 0.03359375 0.0703125
1 0.69296875 0.6625 0.21328125 0.16953125
0 0.98359375 0.71953125 0.03203125 0.0453125
1 0.91484375 0.746875 0.0375 0.059375
1 0.75703125 0.23046875 0.07421875 0.06015625
1 0.82421875 0.60703125 0.07109375 0.096875
1 0.2 0.696875 0.1078125 0.15390625
0 0.66953125 0.8640625 0.0234375 0.04609375
1 0.77578125 0.52265625 0.04453125 0.08828125
1 0.31796875 0.4140625 0.0125 0.0203125
0 0.6234375 0.934375 0.02109375 0.06640625
1 0.4375 0.36171875 0.07890625 0.0953125
1 0.753125 0.803125 0.03203125 0.0734375
1 0.4296875 0.453125 0.0828125 0.140625
1 0.9515625 0.46171875 0.0578125 0.103125
1 0.45625 0.2203125 0.03515625 0.05703125
0 0.3703125 0.8734375 0.0296875 0.07109375
