0 0.94296875 0.6609375 0.04921875 0.065625
0 0.5921875 0.8109375 0.02578125 0.04453125
0 0.93125 0.78046875 0.05390625 0.0859375
0 0.41796875 0.92421875 0.02578125 0.04296875
0 0.33515625 0.78828125 0.0328125 0.053125
1 0.15078125 0.77109375 0.028125 0.0390625
0 0.82890625 0.45546875 0.025 0.04453125
1 0.25234375 0.5890625 0.059375 0.10390625
1 0.3078125 0.659375 0.03515625 0.04453125
1 0.28125 0.92890625 0.01484375 0.021875
1 0.5734375 0.42734375 0.02421875 0.065625
0 0.8796875 0.54609375 0.0296875 0.03984375
0 0.76796875 0.87421875 0.03359375 0.053125
1 0.6875 0.45390625 0.0390625 0.040625
0 0.45625 0.6609375 0.03359375 0.0453125
1 0.2 0.56953125 0.01796875 0.05625
1 0.64375 0.621875 0.04921875 0.1109375
1 0.86640625 0.49921875 0.01796875 0.02890625
1 0.840625 0.846875 0.03125 0.06953125
1 0.471875 0.52578125 0.04453125 0.05
0 0.76796875 0.540625 0.03359375 0.03984375
