0 0.6703125 0.38671875 0.07734375 0.103125
0 0.03984375 0.5203125 0.06328125 0.0578125
0 0.9421875 0.56796875 0.11171875 0.15625
0 0.33125 0.096875 0.1328125 0.13984375
0 0.72734375 0.03984375 0.1078125 0.07578125
0 0.12890625 0.34453125 0.07265625 0.07578125
0 0.43125 0.32421875 0.12578125 0.12578125
0 0.13828125 0.49609375 0.08671875 0.08671875
0 0.1890625 0.37890625 0.06171875 0.08203125
0 0.48984375 0.30234375 0.06015625 0.0578125
1 0.4953125 0.6796875 0.81640625 0.57421875
0 0.5140625 0.23125 0.05625 0.05546875
0 0.67578125 0.9421875 0.09921875 0.1109375
0 0.77734375 0.940625 0.1234375 0.11484375
0 0.55859375 0.425 0.0921875 0.12578125
0 0.884375 0.16875 0.11875 0.1359375
0 0.18046875 0.771875 0.0671875 0.08203125
0 0.03828125 0.59140625 0.07109375 0.1296875
0 0.5609375 0.19453125 0.0375 0.05546875
