1 0.3359375 0.95625 0.1015625 0.0765625
0 0.61171875 0.6359375 0.05234375 0.0515625
0 0.43828125 0.8078125 0.01953125 0.0359375
0 0.85390625 0.45703125 0.028125 0.015625
1 0.6046875 0.2984375 0.0453125 0.05
1 0.35 0.57265625 0.03828125 0.065625
0 0.9453125 0.6859375 0.04296875 0.06015625
1 0.453125 0.67734375 0.0375 0.0265625
1 0.47421875 0.58359375 0.04609375 0.07421875
0 0.625 0.37578125 0.021875 0.03515625
1 0.80625 0.45625 0.021875 0.03984375
1 0.46015625 0.32578125 0.03359375 0.0359375
0 0.86796875 0.415625 0.01796875 0.03359375
1 0.69609375 0.2640625 0.01875 0.021875
0 0.88125 0.13203125 0.03046875 0.05078125
1 0.309375 0.4625 0.02734375 0.06171875
1 0.5953125 0.94921875 0.03515625 0.040625
1 0.25390625 0.834375 0.03359375 0.05
1 0.66640625 0.26640625 0.02578125 0.03515625
1 0.16640625 0.83046875 0.04375 0.06015625
1 0.440625 0.721875 0.04296875 0.05390625
1 0.22734375 0.9078125 0.04296875 0.065625
0 0.85390625 0.5265625 0.02109375 0.0703125
1 0.80625 0.7625 0.02109375 0.05625
1 0.7109375 0.41015625 0.0625 0.1109375
1 0.37265625 0.565625 0.03203125 0.04609375
1 0.3078125 0.8609375 0.10078125 0.16640625
1 0.50234375 0.6140625 0.04765625 0.06875
1 0.82578125 0.16640625 0.025 0.034375
0 0.55625 0.728125 0.0265625 0.0453125
