1 0.07890625 0.190625 0.10234375 0.196875
0 0.5734375 0.82578125 0.02890625 0.046875
1 0.553125 0.52578125 0.02265625 0.05
1 0.48359375 0.38046875 0.01796875 0.03671875
1 0.2046875 0.35234375 0.01796875 0.03046875
1 0.6421875 0.4765625 0.0203125 0.04375
0 0.659375 0.5328125 0.02265625 0.0359375
1 0.60625 0.7765625 0.04609375 0.040625
1 0.56875 0.94375 0.14765625 0.10546875
1 0.6515625 0.134375 0.01875 0.034375
0 0.73359375 0.90703125 0.03984375 0.05703125
0 0.265625 0.70390625 0.0265625 0.040625
1 0.36953125 0.06875 0.02421875 0.03203125
0 0.30078125 0.86796875 0.03984375 0.05390625
