1 0.65078125 0.04453125 0.01796875 0.034375
0 0.440625 0.6453125 0.03125 0.04609375
1 0.56796875 0.08125 0.02109375 0.040625
1 0.859375 0.44765625 0.04609375 0.06171875
0 0.08671875 0.61875 0.03125 0.06015625
1 0.565625 0.27109375 0.07421875 0.15625
1 0.55625 0.640625 0.04609375 0.06796875
1 0.33125 0.5390625 0.03203125 0.06484375
1 0.9828125 0.33203125 0.0328125 0.0484375
0 0.77265625 0.5828125 0.03359375 0.053125
0 0.02109375 0.78359375 0.04140625 0.0984375
1 0.6171875 0.21796875 0.03984375 0.04609375
