1 0.49609375 0.56484375 0.0265625 0.059375
1 0.61484375 0.4796875 0.02734375 0.0390625
1 0.55078125 0.92265625 0.0375 0.06015625
1 0.5375 0.8390625 0.034375 0.0640625
1 0.49921875 0.8921875 0.01953125 0.03828125
1 0.3984375 0.903125 0.13125 0.09296875
1 0.66953125 0.61015625 0.0359375 0.06328125
1 0.32734375 0.7640625 0.05078125 0.10625
1 0.66796875 0.69375 0.06796875 0.125
1 0.3796875 0.62109375 0.06015625 0.0765625
1 0.48125 0.728125 0.08359375 0.1015625
1 0.7328125 0.61796875 0.05390625 0.1296875
1 0.8109375 0.509375 0.0484375 0.09453125
0 0.64765625 0.6265625 0.01875 0.0359375
1 0.634375 0.80859375 0.03515625 0.06171875
1 0.484375 0.509375 0.046875 0.0765625
1 0.54296875 0.45546875 0.040625 0.065625
1 0.4171875 0.71796875 0.0546875 0.0703125
1 0.72421875 0.434375 0.04765625 0.06796875
1 0.64296875 0.5515625 0.06953125 0.12578125
1 0.69921875 0.49375 0.01796875 0.03125
1 0.70546875 0.6015625 0.01875 0.165625
1 0.31171875 0.88515625 0.046875 0.1
