0 0.68671875 0.60390625 0.02578125 0.04296875
0 0.53671875 0.90078125 0.01640625 0.04140625
0 0.55625 0.46953125 0.025 0.0359375
0 0.44375 0.48984375 0.02265625 0.03125
0 0.63515625 0.71171875 0.02421875 0.04453125
0 0.59609375 0.6921875 0.02421875 0.03984375
0 0.3640625 0.74140625 0.02421875 0.046875
0 0.44296875 0.68125 0.02109375 0.03984375
1 0.5078125 0.5890625 0.04296875 0.04609375
1 0.56328125 0.13046875 0.053125 0.11484375
1 0.559375 0.6234375 0.03984375 0.05703125
1 0.52734375 0.390625 0.03125 0.0453125
1 0.5578125 0.5609375 0.034375 0.0734375
