1 0.31640625 0.6421875 0.06171875 0.08984375
1 0.3078125 0.58984375 0.04375 0.0640625
0 0.3453125 0.51171875 0.01640625 0.03515625
1 0.24375 0.54609375 0.04140625 0.06796875
1 0.3546875 0.709375 0.0484375 0.09375
1 0.4203125 0.48828125 0.04765625 0.09453125
1 0.3015625 0.72265625 0.04765625 0.09765625
1 0.66640625 0.69296875 0.04453125 0.08515625
0 0.36484375 0.534375 0.009375 0.0234375
1 0.6578125 0.8109375 0.04453125 0.1203125
1 0.6578125 0.63046875 0.03828125 0.0609375
1 0.6875 0.68046875 0.0171875 0.0578125
1 0.465625 0.8234375 0.0453125 0.08046875
1 0.36640625 0.58125 0.03984375 0.08359375
1 0.340625 0.56796875 0.02734375 0.04140625
1 0.36484375 0.4859375 0.03828125 0.07421875
