1 0.78359375 0.821875 0.01171875 0.01953125
1 0.92421875 0.71796875 0.07890625 0.14375
0 0.65078125 0.82421875 0.02734375 0.0515625
0 0.49296875 0.69453125 0.03203125 0.04921875
1 0.3640625 0.6875 0.0171875 0.03203125
1 0.77734375 0.18359375 0.0203125 0.0296875
1 0.88203125 0.4265625 0.04609375 0.06875
1 0.10859375 0.76640625 0.04921875 0.04453125
1 0.50390625 0.4359375 0.07109375 0.15703125
0 0.56875 0.7140625 0.0484375 0.06171875
0 0.5328125 0.86015625 0.03203125 0.0703125
0 0.57421875 0.79453125 0.02421875 0.04453125
1 0.58359375 0.35234375 0.10390625 0.2140625
0 0.87890625 0.50546875 0.06328125 0.07890625
1 0.19609375 0.58046875 0.0671875 0.13671875
1 0.47109375 0.48359375 0.13359375 0.25703125
1 0.7015625 0.65703125 0.06796875 0.08828125
1 0.43359375 0.1546875 0.05390625 0.140625
1 0.22265625 0.43671875 0.05078125 0.07109375
