0 0.91640625 0.77421875 0.03046875 0.0453125
0 0.7734375 0.778125 0.02578125 0.04609375
1 0.43515625 0.7859375 0.05390625 0.08203125
1 0.6359375 0.06875 0.07734375 0.04921875
1 0.36796875 0.82890625 0.0671875 0.159375
1 0.19140625 0.2640625 0.09609375 0.0796875
1 0.68125 0.14765625 0.10078125 0.10859375
1 0.29375 0.33125 0.04453125 0.0640625
1 0.52890625 0.5125 0.05703125 0.1046875
1 0.40390625 0.26328125 0.0265625 0.0453125
1 0.48046875 0.0765625 0.05859375 0.07578125
0 0.821875 0.80546875 0.0265625 0.05
0 0.83046875 0.96953125 0.03671875 0.0546875
