1 0.57578125 0.60546875 0.05078125 0.09296875
1 0.51875 0.02578125 0.0765625 0.0515625
1 0.3421875 0.928125 0.04765625 0.05
1 0.61796875 0.65 0.07265625 0.11328125
0 0.73984375 0.84609375 0.025 0.04453125
1 0.578125 0.940625 0.01640625 0.034375
1 0.54296875 0.384375 0.06640625 0.11328125
1 0.6765625 0.94453125 0.01796875 0.03046875
1 0.59296875 0.55625 0.059375 0.07578125
1 0.31875 0.265625 0.04453125 0.0609375
1 0.2859375 0.53203125 0.0578125 0.090625
1 0.84921875 0.89453125 0.025 0.025
1 0.73359375 0.4953125 0.0796875 0.11328125
0 0.76015625 0.54140625 0.02109375 0.03828125
1 0.6796875 0.55390625 0.01640625 0.025
1 0.78046875 0.834375 0.01640625 0.02578125
1 0.4 0.26953125 0.0375 0.06171875
0 0.76171875 0.54140625 0.02265625 0.03828125
