1 0.43125 0.53671875 0.0375 0.04921875
1 0.965625 0.53828125 0.02265625 0.04140625
0 0.5015625 0.85390625 0.0265625 0.03984375
0 0.5265625 0.75859375 0.02421875 0.04140625
0 0.66484375 0.73359375 0.02421875 0.03828125
1 0.3078125 0.38984375 0.0265625 0.03515625
1 0.2671875 0.61640625 0.0359375 0.04140625
1 0.07265625 0.22109375 0.04921875 0.12578125
0 0.440625 0.815625 0.02265625 0.040625
1 0.14609375 0.47578125 0.0296875 0.0359375
0 0.54609375 0.5609375 0.02421875 0.03671875
1 0.965625 0.53828125 0.02265625 0.04140625
0 0.6875 0.66953125 0.03046875 0.04609375
0 0.13359375 0.7734375 0.02578125 0.0453125
0 0.76875 0.56953125 0.02265625 0.04296875
1 0.47578125 0.465625 0.01796875 0.03671875
1 0.4015625 0.40546875 0.02265625 0.0453125
1 0.215625 0.5171875 0.02890625 0.04140625
0 0.3140625 0.7828125 0.03203125 0.0453125
1 0.6296875 0.540625 0.0296875 0.05078125
1 0.953125 0.734375 0.0328125 0.0609375
1 0.01171875 0.77578125 0.02265625 0.06796875
0 0.29765625 0.85546875 0.021875 0.04453125
0 0.47109375 0.80078125 0.0265625 0.04453125
0 0.159375 0.59375 0.02578125 0.0359375
