1 0.56875 0.24921875 0.02578125 0.03515625
0 0.4390625 0.96875 0.0375 0.0546875
0 0.378125 0.98359375 0.025 0.03203125
0 0.31640625 0.315625 0.0234375 0.03515625
1 0.94921875 0.22421875 0.07421875 0.3203125
0 0.68046875 0.48671875 0.03515625 0.05
1 0.06484375 0.040625 0.02734375 0.03984375
1 0.28984375 0.91484375 0.04140625 0.0484375
0 0.19453125 0.5484375 0.03046875 0.05
1 0.76875 0.65 0.04609375 0.071875
1 0.3703125 0.234375 0.02265625 0.046875
0 0.58828125 0.90703125 0.05234375 0.10390625
0 0.375 0.7796875 0.02890625 0.0484375
0 0.61171875 0.5140625 0.02890625 0.04609375
1 0.02109375 0.146875 0.03828125 0.040625
0 0.73203125 0.58203125 0.0296875 0.05078125
1 0.41796875 0.48984375 0.04296875 0.04609375
0 0.1375 0.45703125 0.03671875 0.05
1 0.1328125 0.090625 0.021875 0.03828125
