1 0.56953125 0.47265625 0.02109375 0.05078125
1 0.37265625 0.45078125 0.0296875 0.10078125
1 0.1484375 0.59921875 0.04609375 0.078125
1 0.54375 0.6859375 0.04296875 0.0453125
1 0.7765625 0.8890625 0.06796875 0.05859375
1 0.265625 0.7828125 0.01328125 0.02890625
1 0.3359375 0.71796875 0.0109375 0.03515625
0 0.384375 0.9671875 0.02265625 0.03828125
0 0.36640625 0.78515625 0.00859375 0.01875
0 0.36640625 0.89296875 0.02265625 0.0234375
1 0.36328125 0.32109375 0.03046875 0.07578125
1 0.771875 0.85078125 0.03046875 0.07109375
1 0.95625 0.98125 0.0140625 0.025
1 0.7828125 0.98203125 0.0375 0.03515625
1 0.22265625 0.74609375 0.01796875 0.06328125
1 0.084375 0.68828125 0.06171875 0.13125
1 0.9171875 0.646875 0.03671875 0.1046875
1 0.884375 0.58046875 0.0546875 0.08984375
1 0.57578125 0.67265625 0.0265625 0.08828125
1 0.7921875 0.45390625 0.0703125 0.18828125
1 0.12265625 0.93984375 0.02578125 0.05
0 0.30859375 0.86953125 0.01328125 0.01953125
1 0.58515625 0.975 0.04921875 0.03515625
0 0.32734375 0.96640625 0.01015625 0.02578125
1 0.86640625 0.50390625 0.02734375 0.08515625
1 0.21640625 0.8234375 0.05546875 0.06015625
1 0.31796875 0.50546875 0.03828125 0.065625
1 0.6234375 0.88359375 0.0265625 0.046875
1 0.903125 0.878125 0.06484375 0.0546875
0 0.38359375 0.81328125 0.01171875 0.02578125
1 0.32578125 0.3859375 0.02265625 0.08046875
