1 0.28125 0.42109375 0.0203125 0.040625
1 0.4921875 0.35546875 0.0453125 0.05546875
0 0.44140625 0.80078125 0.02265625 0.04453125
1 0.51484375 0.61640625 0.02421875 0.053125
0 0.3171875 0.79765625 0.02265625 0.03828125
1 0.73046875 0.7703125 0.01484375 0.0296875
0 0.78984375 0.7625 0.02109375 0.02890625
0 0.21484375 0.7 0.025 0.03671875
1 0.7578125 0.2984375 0.0171875 0.03203125
1 0.975 0.59296875 0.04140625 0.034375
1 0.63515625 0.78671875 0.15234375 0.36328125
0 0.56484375 0.85078125 0.02578125 0.03671875
1 0.01328125 0.80546875 0.0265625 0.0546875
1 0.42265625 0.1359375 0.02890625 0.02890625
0 0.8515625 0.73671875 0.01953125 0.03203125
0 0.303125 0.86796875 0.02109375 0.0390625
0 0.434375 0.97109375 0.0296875 0.04609375
1 0.08203125 0.87421875 0.03828125 0.06484375
