1 0.3796875 0.14296875 0.0296875 0.0296875
1 0.615625 0.06640625 0.03125 0.125
0 0.34609375 0.33671875 0.03046875 0.040625
0 0.43125 0.18828125 0.015625 0.034375
1 0.51328125 0.5890625 0.109375 0.11953125
1 0.371875 0.5515625 0.02578125 0.03515625
1 0.4703125 0.73671875 0.09609375 0.09375
0 0.496875 0.85703125 0.03203125 0.04375
1 0.04921875 0.671875 0.03828125 0.07890625
1 0.50078125 0.10546875 0.046875 0.11640625
1 0.54140625 0.153125 0.03125 0.13046875
1 0.5421875 0.78671875 0.065625 0.12578125
1 0.31875 0.3390625 0.10703125 0.1765625
0 0.45703125 0.21875 0.01953125 0.03671875
1 0.940625 0.61328125 0.10703125 0.13046875
1 0.471875 0.484375 0.05859375 0.12109375
0 0.32109375 0.403125 0.02890625 0.034375
1 0.8890625 0.8796875 0.025 0.05390625
1 0.95078125 0.45703125 0.0484375 0.1265625
0 0.3796875 0.88359375 0.02578125 0.06640625
0 0.459375 0.8265625 0.0421875 0.05546875
1 0.88203125 0.115625 0.025 0.09921875
1 0.2234375 0.16875 0.03515625 0.15078125
1 0.453125 0.1 0.04140625 0.07578125
1 0.16875 0.28203125 0.01796875 0.04375
0 0.2375 0.46796875 0.02265625 0.04296875
0 0.409375 0.89375 0.02421875 0.06796875
0 0.50859375 0.1296875 0.01640625 0.0390625
1 0.8484375 0.0390625 0.096875 0.078125
0 0.22109375 0.5171875 0.0234375 0.034375
1 0.0921875 0.334375 0.07421875 0.0890625
1 0.64609375 0.37109375 0.02578125 0.0296875
0 0.265625 0.43671875 0.028125 0.03359375
1 0.31328125 0.05546875 0.03515625 0.03125
