1 0.4078125 0.8703125 0.0203125 0.03359375
0 0.74765625 0.7609375 0.02578125 0.040625
0 0.3109375 0.71640625 0.02890625 0.04453125
1 0.64140625 0.84453125 0.075 0.11875
1 0.87734375 0.5609375 0.071875 0.09140625
0 0.43828125 0.709375 0.02421875 0.04375
0 0.57109375 0.8046875 0.02421875 0.0390625
1 0.50859375 0.51171875 0.05078125 0.05625
1 0.3765625 0.74453125 0.01640625 0.0359375
1 0.22734375 0.83671875 0.0234375 0.0296875
1 0.6984375 0.375 0.02734375 0.03125
1 0.2515625 0.9265625 0.0421875 0.08203125
1 0.3875 0.2640625 0.0359375 0.0390625
