1 0.8078125 0.57890625 0.08203125 0.15859375
1 0.57421875 0.0453125 0.04140625 0.0703125
1 0.7390625 0.1859375 0.021875 0.04609375
1 0.56640625 0.484375 0.07109375 0.13671875
1 0.03046875 0.30078125 0.05859375 0.15546875
1 0.56640625 0.10234375 0.04296875 0.075
1 0.0625 0.43984375 0.05703125 0.08515625
1 0.284375 0.2859375 0.06484375 0.12421875
0 0.7953125 0.86875 0.03828125 0.05546875
1 0.50078125 0.046875 0.06796875 0.090625
1 0.4359375 0.33828125 0.09453125 0.1734375
1 0.3625 0.15703125 0.0828125 0.15078125
