0 0.47265625 0.64453125 0.03203125 0.04609375
0 0.5328125 0.7671875 0.025 0.04921875
1 0.96015625 0.83046875 0.07578125 0.175
1 0.61796875 0.34921875 0.13125 0.16875
1 0.3625 0.60703125 0.01484375 0.0296875
1 0.3 0.3609375 0.04765625 0.06953125
1 0.259375 0.284375 0.02890625 0.03671875
1 0.26015625 0.284375 0.02890625 0.0359375
1 0.24140625 0.4703125 0.0625 0.1296875
1 0.3078125 0.89453125 0.0296875 0.04296875
1 0.4484375 0.43046875 0.10703125 0.26328125
1 0.5265625 0.13984375 0.07734375 0.14453125
1 0.71015625 0.67421875 0.06796875 0.10625
0 0.53828125 0.6859375 0.04609375 0.06328125
1 0.39140625 0.809375 0.00859375 0.0203125
0 0.61015625 0.8203125 0.034375 0.059375
1 0.73671875 0.49765625 0.040625 0.153125
