1 0.37578125 0.796875 0.03046875 0.04296875
1 0.5125 0.528125 0.15078125 0.23515625
1 0.328125 0.51328125 0.0421875 0.05703125
1 0.17265625 0.23984375 0.078125 0.128125
0 0.6328125 0.76875 0.02421875 0.04609375
1 0.61015625 0.06796875 0.05390625 0.13125
1 0.23515625 0.7234375 0.0171875 0.03515625
0 0.3265625 0.46875 0.03828125 0.05
1 0.94296875 0.765625 0.053125 0.07578125
1 0.43671875 0.775 0.025 0.03125
0 0.6140625 0.64609375 0.0328125 0.0515625
1 0.0734375 0.7203125 0.08125 0.1296875
1 0.08125 0.98046875 0.02265625 0.03125
1 0.2234375 0.8359375 0.09765625 0.16484375
