1 0.12734375 0.89140625 0.03828125 0.06171875
1 0.021875 0.94453125 0.0421875 0.08046875
1 0.959375 0.09453125 0.08046875 0.11171875
1 0.5 0.27890625 0.03203125 0.03984375
0 0.4890625 0.45546875 0.0265625 0.03125
0 0.8265625 0.72890625 0.0265625 0.05
0 0.59609375 0.63125 0.02421875 0.05078125
1 0.553125 0.80625 0.04609375 0.06484375
1 0.134375 0.534375 0.0515625 0.06796875
1 0.49453125 0.69609375 0.03515625 0.05078125
1 0.7375 0.89609375 0.04609375 0.08125
0 0.6703125 0.4140625 0.01953125 0.03359375
