1 0.1328125 0.353125 0.01796875 0.02890625
1 0.71875 0.48828125 0.01796875 0.0359375
1 0.7203125 0.140625 0.01640625 0.04296875
1 0.7 0.63203125 0.0171875 0.03828125
1 0.65234375 0.69140625 0.01640625 0.03203125
1 0.76796875 0.24296875 0.0140625 0.0296875
0 0.0375 0.84375 0.06640625 0.146875
1 0.825 0.18125 0.01953125 0.03671875
0 0.3796875 0.90390625 0.0828125 0.13046875
1 0.86171875 0.65625 0.0140625 0.03359375
1 0.790625 0.73671875 0.01953125 0.0390625
1 0.66484375 0.36171875 0.01953125 0.028125
1 0.17578125 0.35546875 0.028125 0.05
1 0.771875 0.1578125 0.01640625 0.03984375
