1 0.23984375 0.70859375 0.01796875 0.02109375
1 0.18828125 0.5796875 0.0234375 0.01875
1 0.75234375 0.27578125 0.03515625 0.0703125
1 0.5140625 0.74375 0.03359375 0.06328125
1 0.5828125 0.2765625 0.0203125 0.05078125
1 0.6796875 0.64453125 0.01640625 0.02421875
1 0.42578125 0.784375 0.04921875 0.090625
1 0.93671875 0.77890625 0.034375 0.02890625
1 0.09765625 0.934375 0.06640625 0.04375
0 0.4171875 0.859375 0.01328125 0.02890625
0 0.66171875 0.71875 0.01328125 0.02109375
1 0.6296875 0.78046875 0.0234375 0.04296875
1 0.346875 0.70703125 0.015625 0.0203125
0 0.478125 0.7234375 0.0109375 0.01796875
0 0.4578125 0.66796875 0.01484375 0.02421875
1 0.28984375 0.82421875 0.01875 0.0234375
1 0.1515625 0.65 0.01640625 0.0203125
1 0.10625 0.69140625 0.0171875 0.0234375
1 0.7890625 0.66953125 0.0453125 0.03671875
