1 0.32734375 0.471875 0.08046875 0.184375
1 0.37578125 0.66953125 0.08046875 0.16640625
1 0.56328125 0.68828125 0.04609375 0.09609375
0 0.4390625 0.73359375 0.0546875 0.10859375
1 0.7734375 0.40078125 0.059375 0.10390625
0 0.26953125 0.54921875 0.05078125 0.075
0 0.36484375 0.6359375 0.05234375 0.0765625
1 0.4546875 0.6671875 0.1171875 0.25859375
1 0.19296875 0.72109375 0.12109375 0.29921875
1 0.34921875 0.86640625 0.06015625 0.10859375
1 0.64453125 0.54609375 0.05625 0.06640625
1 0.2609375 0.05703125 0.0625 0.10859375
