1 0.6890625 0.71328125 0.04375 0.06171875
1 0.87890625 0.25 0.0234375 0.04296875
1 0.46484375 0.41640625 0.03203125 0.04296875
0 0.1625 0.86953125 0.03359375 0.05390625
1 0.540625 0.45859375 0.02265625 0.0546875
1 0.4796875 0.16875 0.0203125 0.03046875
1 0.97734375 0.55390625 0.03828125 0.03359375
1 0.546875 0.546875 0.0203125 0.0515625
1 0.16953125 0.50625 0.0265625 0.034375
1 0.903125 0.6 0.03984375 0.071875
1 0.49609375 0.17734375 0.02578125 0.034375
1 0.7390625 0.34921875 0.034375 0.0515625
1 0.03046875 0.34921875 0.06015625 0.16796875
0 0.50703125 0.92578125 0.02109375 0.0390625
1 0.71796875 0.0703125 0.01796875 0.03125
1 0.5875 0.12890625 0.01796875 0.0359375
1 0.06328125 0.81640625 0.04296875 0.06796875
1 0.775 0.7953125 0.04375 0.08671875
0 0.91796875 0.85078125 0.03671875 0.0640625
1 0.60703125 0.18671875 0.03046875 0.0359375
1 0.5375 0.15390625 0.0171875 0.03203125
1 0.41328125 0.23984375 0.01875 0.03125
1 0.12890625 0.44140625 0.03046875 0.03984375
0 0.58125 0.6875 0.02578125 0.04140625
0 0.453125 0.71796875 0.0265625 0.0453125
1 0.87734375 0.80390625 0.04765625 0.06875
1 0.80390625 0.16796875 0.034375 0.046875
1 0.54765625 0.61875 0.03828125 0.04921875
