1 0.5921875 0.20546875 0.0234375 0.03671875
1 0.64296875 0.43828125 0.03046875 0.04609375
1 0.41953125 0.09609375 0.03046875 0.03359375
1 0.44453125 0.31953125 0.01640625 0.0359375
1 0.075 0.48046875 0.03046875 0.04140625
1 0.69453125 0.14921875 0.0140625 0.03125
1 0.73359375 0.4203125 0.0359375 0.02421875
0 0.16171875 0.7921875 0.028125 0.05625
1 0.67578125 0.33828125 0.02734375 0.04609375
1 0.11484375 0.26328125 0.02578125 0.03125
1 0.44375 0.31953125 0.0171875 0.0359375
0 0.153125 0.8578125 0.02890625 0.04921875
1 0.20078125 0.70546875 0.0375 0.07109375
0 0.353125 0.62578125 0.03046875 0.0453125
1 0.7859375 0.09296875 0.08515625 0.16953125
0 0.66484375 0.82578125 0.03046875 0.0484375
1 0.6546875 0.0984375 0.02421875 0.03359375
1 0.05625 0.1625 0.06484375 0.13828125
0 0.3375 0.9109375 0.03125 0.0453125
1 0.51015625 0.1078125 0.02734375 0.03046875
0 0.40234375 0.746875 0.02421875 0.03828125
1 0.78671875 0.296875 0.021875 0.0484375
1 0.440625 0.35859375 0.02734375 0.0359375
1 0.3890625 0.24609375 0.0234375 0.03359375
1 0.78671875 0.29765625 0.02109375 0.05078125
0 0.346875 0.72890625 0.03515625 0.0484375
1 0.4625 0.965625 0.05390625 0.06875
1 0.10859375 0.65390625 0.03046875 0.04921875
1 0.94609375 0.93203125 0.05625 0.0703125
1 0.53046875 0.40390625 0.028125 0.0390625
1 0.58046875 0.4375 0.0296875 0.0546875
1 0.44375 0.26875 0.01953125 0.040625
