1 0.87421875 0.821875 0.071875 0.10390625
1 0.33828125 0.56015625 0.03671875 0.06328125
1 0.9453125 0.60078125 0.0296875 0.08046875
1 0.70078125 0.834375 0.05078125 0.08125
1 0.46875 0.384375 0.08359375 0.14453125
1 0.81484375 0.184375 0.03828125 0.0453125
1 0.76171875 0.8140625 0.06796875 0.11796875
1 0.753125 0.540625 0.07578125 0.11796875
1 0.328125 0.4953125 0.04453125 0.0703125
1 0.55859375 0.14609375 0.078125 0.10859375
1 0.6421875 0.16875 0.03984375 0.06640625
1 0.62265625 0.45390625 0.02109375 0.0390625
0 0.86796875 0.7703125 0.034375 0.05703125
1 0.8515625 0.334375 0.08046875 0.1390625
0 0.4796875 0.20546875 0.03671875 0.06328125
1 0.65078125 0.915625 0.05390625 0.08203125
0 0.65703125 0.3625 0.02890625 0.046875
1 0.63125 0.31796875 0.02421875 0.03984375
