1 0.51328125 0.6140625 0.01015625 0.06484375
1 0.66484375 0.65546875 0.0125 0.025
1 0.8171875 0.415625 0.01953125 0.02421875
0 0.28046875 0.67578125 0.02265625 0.05546875
1 0.58125 0.540625 0.06328125 0.175
1 0.94375 0.765625 0.01640625 0.021875
1 0.696875 0.36015625 0.05390625 0.04296875
1 0.35390625 0.359375 0.0375 0.05546875
1 0.85625 0.8265625 0.10703125 0.11953125
1 0.271875 0.5484375 0.08828125 0.18515625
1 0.503125 0.5671875 0.0390625 0.06171875
1 0.3625 0.8765625 0.03203125 0.04609375
1 0.946875 0.7890625 0.03046875 0.040625
0 0.7484375 0.56328125 0.02265625 0.0265625
1 0.19765625 0.49296875 0.07734375 0.04140625
0 0.41015625 0.534375 0.02578125 0.02578125
0 0.39375 0.48671875 0.03046875 0.02109375
1 0.7828125 0.75625 0.01953125 0.03515625
1 0.7 0.46640625 0.0203125 0.08125
1 0.56171875 0.409375 0.059375 0.2046875
1 0.55546875 0.70625 0.02421875 0.03671875
0 0.40234375 0.465625 0.01953125 0.0265625
0 0.3359375 0.525 0.01953125 0.040625
1 0.89765625 0.74453125 0.0265625 0.03203125
0 0.390625 0.54453125 0.0203125 0.02890625
1 0.934375 0.81640625 0.03828125 0.03671875
0 0.35546875 0.55625 0.02265625 0.034375
