0 0.81640625 0.440625 0.02109375 0.04296875
1 0.68125 0.63671875 0.065625 0.13046875
1 0.528125 0.86875 0.01953125 0.04296875
1 0.609375 0.67265625 0.0546875 0.09921875
1 0.24921875 0.928125 0.05859375 0.096875
1 0.31171875 0.71875 0.04375 0.084375
1 0.27265625 0.45625 0.02265625 0.046875
1 0.3390625 0.15390625 0.09609375 0.18671875
1 0.259375 0.428125 0.02109375 0.03515625
1 0.421875 0.97578125 0.0328125 0.04296875
1 0.18984375 0.39453125 0.06171875 0.0890625
1 0.76328125 0.76640625 0.02421875 0.0546875
0 0.50859375 0.67890625 0.03828125 0.06796875
0 0.51015625 0.6796875 0.03125 0.059375
1 0.37734375 0.71015625 0.040625 0.06875
1 0.878125 0.3890625 0.03203125 0.0984375
1 0.24453125 0.66015625 0.0546875 0.08359375
0 0.3203125 0.4453125 0.03125 0.06328125
1 0.5546875 0.7640625 0.05859375 0.103125
1 0.87734375 0.3890625 0.03203125 0.09609375
1 0.775 0.09296875 0.0859375 0.16875
1 0.66484375 0.31328125 0.08359375 0.14140625
1 0.26796875 0.6 0.03203125 0.05546875
1 0.79765625 0.63203125 0.08046875 0.1359375
