1 0.35234375 0.90078125 0.01484375 0.028125
0 0.41875 0.22109375 0.02734375 0.04609375
1 0.6328125 0.1890625 0.01328125 0.0890625
1 0.37578125 0.77421875 0.03671875 0.04296875
0 0.77421875 0.496875 0.0265625 0.03125
1 0.7734375 0.603125 0.08046875 0.125
1 0.190625 0.53671875 0.0359375 0.06171875
0 0.7 0.671875 0.03046875 0.05546875
0 0.709375 0.55859375 0.0484375 0.06484375
0 0.53203125 0.22109375 0.02421875 0.04296875
1 0.5296875 0.34296875 0.0546875 0.08671875
1 0.35 0.73203125 0.04921875 0.075
0 0.7265625 0.28671875 0.0171875 0.03046875
1 0.43359375 0.8859375 0.05703125 0.103125
1 0.40078125 0.25703125 0.03984375 0.06796875
0 0.615625 0.89453125 0.03671875 0.0640625
0 0.9 0.8890625 0.0296875 0.05078125
1 0.46953125 0.36015625 0.04375 0.071875
1 0.6765625 0.29375 0.05546875 0.084375
1 0.2625 0.33828125 0.04765625 0.0734375
1 0.12890625 0.4609375 0.05546875 0.10546875
0 0.709375 0.559375 0.04921875 0.06328125
1 0.57421875 0.15234375 0.03984375 0.07890625
0 0.65 0.48828125 0.03203125 0.04453125
0 0.5890625 0.81640625 0.03984375 0.05546875
1 0.471875 0.2859375 0.04140625 0.06640625
