1 0.559375 0.95 0.0578125 0.0890625
0 0.63671875 0.03828125 0.028125 0.04140625
0 0.92734375 0.43984375 0.028125 0.04609375
0 0.7 0.803125 0.021875 0.040625
0 0.8359375 0.13828125 0.02265625 0.04375
0 0.79609375 0.16171875 0.03203125 0.06328125
0 0.13828125 0.6265625 0.05546875 0.084375
1 0.11640625 0.44609375 0.046875 0.06015625
0 0.2078125 0.584375 0.040625 0.05546875
0 0.475 0.240625 0.0359375 0.06953125
1 0.89453125 0.2484375 0.03046875 0.13515625
0 0.2328125 0.76796875 0.03046875 0.046875
1 0.6734375 0.34375 0.05703125 0.09140625
1 0.27578125 0.44140625 0.02578125 0.0765625
1 0.546875 0.31796875 0.0703125 0.125
1 0.92265625 0.8890625 0.14296875 0.0859375
1 0.728125 0.04296875 0.053125 0.08515625
0 0.7984375 0.503125 0.0296875 0.04296875
1 0.04375 0.78828125 0.0453125 0.04453125
1 0.90390625 0.68125 0.10859375 0.1640625
0 0.821875 0.55859375 0.03515625 0.059375
0 0.7015625 0.42265625 0.0359375 0.065625
1 0.71328125 0.09765625 0.04609375 0.084375
