0 0.6234375 0.396875 0.02421875 0.0453125
1 0.9296875 0.38125 0.05390625 0.08359375
1 0.27578125 0.80703125 0.015625 0.02890625
1 0.6171875 0.340625 0.0578125 0.084375
1 0.38984375 0.17578125 0.01953125 0.03125
0 0.97734375 0.153125 0.02890625 0.040625
0 0.28203125 0.63671875 0.03984375 0.0546875
1 0.52421875 0.528125 0.01015625 0.01953125
1 0.4078125 0.70546875 0.05625 0.08828125
1 0.58984375 0.94140625 0.08203125 0.10546875
1 0.28203125 0.70859375 0.05546875 0.090625
0 0.2296875 0.76484375 0.03671875 0.059375
1 0.41328125 0.55 0.06640625 0.1203125
0 0.33515625 0.26953125 0.02265625 0.03984375
1 0.3546875 0.55390625 0.05234375 0.09609375
1 0.90859375 0.46796875 0.07421875 0.13359375
1 0.8859375 0.3234375 0.07109375 0.09375
1 0.4125 0.15390625 0.025 0.04296875
1 0.84765625 0.62421875 0.10546875 0.1734375
1 0.80703125 0.53203125 0.02109375 0.04375
1 0.48671875 0.74296875 0.06796875 0.1515625
0 0.66640625 0.81484375 0.02890625 0.04609375
1 0.4484375 0.20390625 0.01484375 0.0546875
0 0.840625 0.40859375 0.0296875 0.05
0 0.4984375 0.96796875 0.03671875 0.059375
1 0.13046875 0.45859375 0.05625 0.10703125
0 0.5921875 0.83671875 0.02890625 0.0484375
