1 0.6953125 0.68046875 0.10703125 0.13828125
1 0.24765625 0.3421875 0.02109375 0.07578125
1 0.628125 0.26484375 0.021875 0.0515625
1 0.540625 0.15078125 0.0140625 0.04609375
1 0.571875 0.334375 0.02109375 0.103125
0 0.8828125 0.5921875 0.0515625 0.08125
1 0.84609375 0.2578125 0.0140625 0.0546875
1 0.40625 0.1015625 0.02109375 0.05703125
1 0.27265625 0.3640625 0.03203125 0.07578125
0 0.640625 0.54609375 0.05390625 0.0703125
1 0.58046875 0.1578125 0.01953125 0.06484375
1 0.26171875 0.115625 0.02109375 0.06796875
0 0.46796875 0.83046875 0.06640625 0.08984375
1 0.896875 0.51875 0.05390625 0.10859375
1 0.359375 0.29453125 0.01953125 0.06796875
1 0.82890625 0.4609375 0.0359375 0.08984375
1 0.69375 0.10703125 0.01796875 0.04609375
0 0.45703125 0.63046875 0.04453125 0.07578125
1 0.34921875 0.0640625 0.01796875 0.06796875
1 0.72890625 0.3046875 0.03046875 0.08671875
