0 0.54453125 0.89296875 0.03046875 0.05625
1 0.35703125 0.709375 0.071875 0.08203125
1 0.85703125 0.60390625 0.04140625 0.04296875
1 0.47734375 0.96796875 0.05234375 0.05859375
0 0.5984375 0.61796875 0.02265625 0.03515625
0 0.4140625 0.53671875 0.0375 0.059375
1 0.2421875 0.8765625 0.06796875 0.0515625
0 0.715625 0.75078125 0.03515625 0.04375
0 0.3078125 0.69140625 0.03515625 0.06953125
0 0.51640625 0.83203125 0.03203125 0.0609375
1 0.3046875 0.59453125 0.028125 0.0453125
0 0.45859375 0.84609375 0.0515625 0.06953125
1 0.97265625 0.9359375 0.05390625 0.08125
0 0.4890625 0.78984375 0.0296875 0.040625
0 0.26796875 0.83125 0.02578125 0.05
1 0.5796875 0.08828125 0.03359375 0.03515625
1 0.70859375 0.5515625 0.02578125 0.05625
1 0.821875 0.29453125 0.0328125 0.03359375
0 0.53046875 0.65546875 0.01796875 0.03359375
0 0.3671875 0.796875 0.02890625 0.0609375
0 0.6453125 0.56328125 0.03203125 0.046875
