1 0.3390625 0.75078125 0.08203125 0.1203125
1 0.6796875 0.63515625 0.01796875 0.06328125
1 0.61953125 0.76015625 0.021875 0.03671875
1 0.49296875 0.871875 0.03828125 0.0796875
1 0.275 0.1984375 0.0359375 0.04609375
1 0.55625 0.703125 0.02109375 0.04609375
1 0.78203125 0.628125 0.03515625 0.0359375
1 0.54375 0.521875 0.01640625 0.07421875
1 0.68203125 0.7265625 0.06328125 0.13984375
1 0.3296875 0.43515625 0.02734375 0.03125
1 0.496875 0.69296875 0.02734375 0.04921875
1 0.73984375 0.7734375 0.04296875 0.06015625
1 0.7359375 0.60546875 0.03515625 0.04140625
1 0.61328125 0.8015625 0.01640625 0.034375
1 0.2515625 0.42890625 0.078125 0.140625
1 0.53203125 0.84140625 0.02265625 0.0484375
1 0.3765625 0.5515625 0.02890625 0.05703125
1 0.778125 0.43359375 0.01875 0.03125
1 0.8359375 0.403125 0.0359375 0.07578125
1 0.68359375 0.5359375 0.0375 0.05078125
1 0.0765625 0.24921875 0.03828125 0.0484375
0 0.584375 0.65703125 0.02421875 0.05625
