0 0.50078125 0.4390625 0.02265625 0.03984375
1 0.834375 0.2 0.06171875 0.0890625
0 0.75546875 0.51953125 0.03515625 0.040625
1 0.75859375 0.334375 0.0375 0.0734375
0 0.59375 0.87890625 0.015625 0.03046875
0 0.79921875 0.49453125 0.0296875 0.05078125
1 0.5046875 0.41796875 0.04296875 0.0734375
1 0.68828125 0.81328125 0.02578125 0.04921875
0 0.4703125 0.7984375 0.02890625 0.0546875
0 0.86640625 0.85234375 0.03671875 0.0546875
0 0.49921875 0.8859375 0.03046875 0.046875
0 0.72578125 0.7015625 0.03984375 0.0484375
