1 0.85703125 0.1 0.0359375 0.05546875
1 0.85625 0.2234375 0.07109375 0.12890625
1 0.1953125 0.54375 0.03671875 0.04921875
1 0.52109375 0.4078125 0.02265625 0.05859375
1 0.03515625 0.54140625 0.06953125 0.3890625
1 0.27109375 0.45234375 0.17265625 0.61953125
1 0.53125 0.66640625 0.11171875 0.446875
1 0.38828125 0.74609375 0.04765625 0.05078125
1 0.896875 0.88671875 0.0484375 0.06875
1 0.73125 0.83203125 0.0390625 0.309375
1 0.1734375 0.796875 0.015625 0.0265625
1 0.44921875 0.66328125 0.025 0.03125
0 0.70625 0.9375 0.078125 0.1046875
1 0.2625 0.3375 0.03984375 0.06171875
