1 0.5484375 0.37265625 0.03515625 0.025
0 0.62109375 0.51171875 0.034375 0.0546875
1 0.6 0.22109375 0.02421875 0.02890625
0 0.46875 0.69921875 0.02265625 0.03203125
0 0.4578125 0.74375 0.02109375 0.03828125
0 0.69453125 0.54140625 0.021875 0.03828125
0 0.7390625 0.70078125 0.02734375 0.04140625
1 0.64609375 0.45625 0.0453125 0.06640625
1 0.91796875 0.678125 0.09921875 0.3203125
0 0.9140625 0.25078125 0.02109375 0.03359375
1 0.4578125 0.09921875 0.0328125 0.0609375
1 0.609375 0.9390625 0.0640625 0.10703125
0 0.75234375 0.61875 0.04453125 0.05390625
0 0.671875 0.56640625 0.02265625 0.0359375
