1 0.5484375 0.4140625 0.01640625 0.0390625
1 0.74921875 0.015625 0.02265625 0.0296875
1 0.55 0.3921875 0.02578125 0.03984375
1 0.05234375 0.83828125 0.0375 0.08359375
1 0.26484375 0.54609375 0.021875 0.046875
1 0.0703125 0.2734375 0.03828125 0.07109375
1 0.328125 0.5234375 0.03046875 0.053125
1 0.28125 0.40859375 0.01328125 0.0265625
1 0.09296875 0.52578125 0.03515625 0.05703125
0 0.41328125 0.534375 0.01796875 0.04296875
1 0.39140625 0.30703125 0.0296875 0.05
1 0.6265625 0.01875 0.02890625 0.03203125
1 0.85078125 0.38203125 0.02265625 0.0265625
1 0.7734375 0.21171875 0.12265625 0.21328125
1 0.9234375 0.39375 0.0296875 0.04296875
1 0.9609375 0.19609375 0.01796875 0.0265625
1 0.6171875 0.46328125 0.01640625 0.06484375
1 0.71328125 0.04921875 0.03046875 0.05
1 0.31640625 0.7234375 0.02890625 0.05390625
1 0.934375 0.1671875 0.01953125 0.0234375
