0 0.50859375 0.77734375 0.15390625 0.29375
0 0.14296875 0.46953125 0.209375 0.271875
0 0.48046875 0.4390625 0.13828125 0.275
0 0.925 0.7984375 0.13984375 0.2484375
0 0.03359375 0.1921875 0.0671875 0.225
0 0.83046875 0.540625 0.15 0.29453125
0 0.45078125 0.07109375 0.1109375 0.1421875
0 0.771875 0.15078125 0.17109375 0.24453125
0 0.021875 0.84765625 0.04375 0.2515625
0 0.928125 0.359375 0.1390625 0.19453125
0 0.10390625 0.73671875 0.19296875 0.26484375
0 0.26484375 0.2734375 0.17109375 0.27421875
