0 0.67734375 0.9109375 0.04609375 0.06328125
0 0.80390625 0.06484375 0.05859375 0.078125
0 0.08125 0.09140625 0.05078125 0.078125
0 0.534375 0.04921875 0.06796875 0.08671875
0 0.24921875 0.18828125 0.05 0.0796875
0 0.321875 0.95078125 0.04609375 0.053125
0 0.29609375 0.24296875 0.0421875 0.084375
0 0.61796875 0.7109375 0.07890625 0.11875
0 0.11015625 0.30703125 0.03984375 0.0703125
1 0.43828125 0.4421875 0.0890625 0.12109375
0 0.34765625 0.409375 0.04453125 0.06640625
0 0.025 0.83984375 0.03828125 0.05
0 0.15859375 0.15078125 0.05859375 0.09296875
