0 0.0859375 0.9390625 0.06484375 0.090625
0 0.2796875 0.50234375 0.02578125 0.0359375
0 0.665625 0.54921875 0.03359375 0.04375
0 0.61484375 0.55703125 0.02109375 0.0359375
1 0.896875 0.44296875 0.0703125 0.0796875
0 0.7109375 0.30859375 0.0296875 0.03203125
1 0.31640625 0.87734375 0.03203125 0.11171875
0 0.66875 0.68671875 0.03359375 0.0515625
0 0.57734375 0.2671875 0.02109375 0.025
0 0.43984375 0.8234375 0.02578125 0.04375
0 0.26875 0.740625 0.0234375 0.03828125
0 0.4703125 0.2265625 0.01875 0.028125
0 0.68515625 0.8 0.04375 0.05
