1 0.821875 0.13671875 0.03359375 0.04609375
0 0.51796875 0.384375 0.059375 0.04921875
1 0.45234375 0.11640625 0.05390625 0.075
1 0.77734375 0.5640625 0.07890625 0.078125
1 0.2953125 0.35859375 0.08359375 0.08671875
1 0.67109375 0.153125 0.0171875 0.03359375
1 0.4578125 0.20078125 0.040625 0.121875
1 0.646875 0.27109375 0.02578125 0.04453125
1 0.93203125 0.6234375 0.053125 0.0609375
1 0.33046875 0.05546875 0.040625 0.0515625
1 0.5578125 0.30625 0.03828125 0.0546875
1 0.52421875 0.121875 0.03359375 0.04453125
1 0.7671875 0.2390625 0.01796875 0.0453125
1 0.08984375 0.23125 0.021875 0.0265625
