1 0.88984375 0.240625 0.21953125 0.44921875
1 0.94765625 0.69140625 0.04140625 0.11015625
1 0.678125 0.49375 0.03984375 0.046875
1 0.64609375 0.096875 0.05390625 0.05859375
1 0.471875 0.6734375 0.06171875 0.19296875
0 0.51796875 0.2015625 0.08125 0.103125
0 0.7640625 0.53125 0.05390625 0.09375
1 0.60078125 0.42421875 0.01796875 0.04296875
1 0.96328125 0.42421875 0.07109375 0.14296875
1 0.30625 0.38359375 0.08671875 0.153125
1 0.4609375 0.51875 0.09921875 0.1015625
1 0.259375 0.16328125 0.05703125 0.08515625
1 0.396875 0.3765625 0.06796875 0.246875
1 0.62265625 0.7078125 0.10546875 0.1953125
