0 0.39140625 0.52421875 0.040625 0.0546875
0 0.5890625 0.39296875 0.03671875 0.04296875
0 0.4828125 0.415625 0.03515625 0.0484375
0 0.59453125 0.4734375 0.03359375 0.046875
0 0.8171875 0.51015625 0.05078125 0.06484375
0 0.8234375 0.4359375 0.06015625 0.06796875
0 0.1265625 0.65390625 0.04609375 0.071875
0 0.53203125 0.275 0.0390625 0.04453125
0 0.221875 0.5734375 0.05390625 0.06796875
0 0.93671875 0.4671875 0.06875 0.08046875
1 0.83359375 0.15390625 0.05625 0.246875
0 0.55703125 0.52734375 0.053125 0.06171875
0 0.259375 0.378125 0.03984375 0.0515625
0 0.78125 0.34140625 0.04765625 0.05703125
0 0.5125 0.51328125 0.04453125 0.0546875
0 0.46875 0.45703125 0.0328125 0.046875
0 0.7296875 0.2609375 0.0390625 0.04609375
0 0.26015625 0.44140625 0.04296875 0.04921875
