1 0.359375 0.64375 0.01640625 0.03125
0 0.8375 0.096875 0.0234375 0.034375
1 0.625 0.49296875 0.01640625 0.025
1 0.53203125 0.9625 0.03203125 0.04140625
1 0.5640625 0.2421875 0.01328125 0.0234375
1 0.253125 0.76953125 0.01796875 0.02890625
1 0.375 0.25625 0.01171875 0.01953125
1 0.76953125 0.3125 0.0140625 0.025
1 0.6703125 0.5484375 0.01171875 0.025
1 0.90625 0.13046875 0.021875 0.02890625
1 0.73828125 0.7140625 0.13984375 0.196875
1 0.6515625 0.38828125 0.0171875 0.02578125
1 0.2421875 0.80859375 0.015625 0.02578125
