0 0.628125 0.7140625 0.02421875 0.075
0 0.70078125 0.61484375 0.04609375 0.071875
1 0.41875 0.2640625 0.01640625 0.03359375
0 0.65546875 0.803125 0.04921875 0.05625
1 0.878125 0.60078125 0.03359375 0.06015625
0 0.59140625 0.8265625 0.025 0.07578125
1 0.62421875 0.0546875 0.04375 0.0609375
1 0.9453125 0.75234375 0.02578125 0.03984375
0 0.6140625 0.81171875 0.021875 0.06015625
1 0.5875 0.509375 0.08046875 0.16953125
0 0.1984375 0.82890625 0.0453125 0.06875
0 0.23125 0.55078125 0.04296875 0.06171875
1 0.40703125 0.35078125 0.0171875 0.03671875
0 0.196875 0.7421875 0.03984375 0.065625
0 0.615625 0.86953125 0.04296875 0.05390625
0 0.26640625 0.6875 0.05703125 0.084375
1 0.509375 0.82578125 0.01953125 0.04453125
1 0.5296875 0.25078125 0.0328125 0.04609375
1 0.27265625 0.209375 0.03671875 0.06015625
