0 0.70234375 0.89375 0.03828125 0.0546875
1 0.30859375 0.41328125 0.02265625 0.078125
0 0.94609375 0.44921875 0.0328125 0.0515625
0 0.48671875 0.80234375 0.03828125 0.06015625
0 0.6484375 0.62578125 0.02734375 0.05078125
0 0.7140625 0.5140625 0.03046875 0.046875
1 0.85234375 0.58359375 0.03203125 0.05625
0 0.60859375 0.79296875 0.03046875 0.05
0 0.79921875 0.90390625 0.03359375 0.04921875
0 0.83359375 0.73125 0.03828125 0.05546875
0 0.35 0.89609375 0.05234375 0.08359375
1 0.06875 0.615625 0.0359375 0.0765625
1 0.61171875 0.059375 0.02578125 0.11875
1 0.6734375 0.353125 0.0203125 0.08828125
1 0.334375 0.35625 0.0109375 0.06328125
1 0.32578125 0.446875 0.015625 0.065625
1 0.43046875 0.878125 0.0234375 0.08359375
0 0.775 0.5546875 0.0234375 0.03515625
1 0.4640625 0.18984375 0.03515625 0.0796875
