0 0.790625 0.8265625 0.02734375 0.040625
0 0.35390625 0.49453125 0.02421875 0.03671875
1 0.559375 0.10234375 0.02109375 0.03984375
0 0.35546875 0.95390625 0.03671875 0.06171875
1 0.1984375 0.41796875 0.04921875 0.05703125
0 0.4796875 0.65234375 0.0296875 0.0453125
1 0.65390625 0.66953125 0.04921875 0.08125
1 0.55859375 0.53125 0.06328125 0.084375
0 0.76875 0.22890625 0.053125 0.06640625
1 0.60703125 0.5953125 0.07734375 0.14609375
0 0.72734375 0.2625 0.03515625 0.0453125
0 0.58671875 0.4984375 0.025 0.0390625
1 0.62265625 0.43828125 0.03828125 0.04921875
0 0.503125 0.7671875 0.02890625 0.04375
0 0.8484375 0.53515625 0.0359375 0.05703125
0 0.409375 0.9140625 0.02421875 0.03671875
