1 0.175 0.5125 0.0546875 0.08984375
1 0.26484375 0.61015625 0.028125 0.0484375
1 0.4453125 0.96484375 0.06171875 0.06484375
1 0.340625 0.58828125 0.07734375 0.15
1 0.76328125 0.16484375 0.04609375 0.06875
0 0.59375 0.94921875 0.02265625 0.03828125
1 0.696875 0.45390625 0.03203125 0.06484375
1 0.66640625 0.9203125 0.0671875 0.14453125
1 0.5046875 0.66015625 0.04375 0.078125
1 0.81796875 0.771875 0.04609375 0.046875
1 0.3546875 0.19453125 0.0390625 0.06328125
1 0.3921875 0.40625 0.04609375 0.0765625
1 0.65703125 0.39609375 0.03984375 0.08515625
