1 0.72265625 0.6234375 0.0375 0.128125
1 0.0546875 0.95859375 0.03203125 0.04609375
1 0.69296875 0.30703125 0.04296875 0.040625
1 0.61875 0.88828125 0.02109375 0.03046875
1 0.8703125 0.86328125 0.0171875 0.04296875
1 0.52734375 0.35390625 0.08828125 0.15
1 0.02421875 0.63671875 0.021875 0.0359375
1 0.10078125 0.878125 0.040625 0.08125
1 0.3859375 0.20703125 0.01953125 0.03125
1 0.18828125 0.48203125 0.0125 0.02109375
1 0.78359375 0.84453125 0.0484375 0.0640625
1 0.8453125 0.83125 0.01640625 0.02578125
1 0.0484375 0.90859375 0.03046875 0.025
1 0.1078125 0.4828125 0.02109375 0.02890625
1 0.615625 0.4359375 0.0328125 0.025
1 0.16875 0.4609375 0.01484375 0.034375
1 0.0703125 0.821875 0.025 0.075
1 0.134375 0.440625 0.0171875 0.03515625
1 0.43515625 0.1765625 0.16171875 0.18984375
1 0.75 0.89140625 0.02109375 0.034375
1 0.28984375 0.61328125 0.0265625 0.0734375
1 0.74453125 0.85625 0.0109375 0.02421875
0 0.3609375 0.43359375 0.02109375 0.046875
1 0.1140625 0.7828125 0.01796875 0.08984375
1 0.2703125 0.33125 0.01796875 0.04296875
1 0.28828125 0.27578125 0.01640625 0.0359375
1 0.31015625 0.61328125 0.01640625 0.034375
1 0.9578125 0.8390625 0.08125 0.21953125
1 0.340625 0.48125 0.01640625 0.03203125
1 0.37734375 0.234375 0.01328125 0.03046875
1 0.334375 0.78125 0.03984375 0.08984375
1 0.61953125 0.546875 0.04296875 0.0984375
1 0.43359375 0.66640625 0.03515625 0.08125
1 0.0421875 0.23203125 0.0828125 0.09921875
