1 0.3984375 0.63828125 0.06640625 0.11171875
1 0.26875 0.8265625 0.06328125 0.07578125
0 0.38046875 0.128125 0.02421875 0.03984375
1 0.38125 0.0515625 0.03359375 0.0515625
1 0.73046875 0.3390625 0.2 0.15078125
1 0.35859375 0.43359375 0.09765625 0.14453125
1 0.54765625 0.1140625 0.01015625 0.01875
1 0.40546875 0.3078125 0.02734375 0.046875
0 0.6765625 0.96953125 0.03203125 0.05546875
1 0.7515625 0.578125 0.03828125 0.07578125
1 0.58515625 0.109375 0.01484375 0.02578125
1 0.41953125 0.09453125 0.040625 0.06796875
1 0.359375 0.078125 0.03671875 0.0640625
0 0.665625 0.75859375 0.03671875 0.05390625
