1 0.553125 0.4609375 0.0859375 0.1890625
1 0.26015625 0.0984375 0.084375 0.1296875
1 0.84609375 0.28984375 0.034375 0.040625
1 0.37109375 0.62578125 0.04765625 0.06640625
0 0.6734375 0.21328125 0.02578125 0.03828125
0 0.7546875 0.6515625 0.0265625 0.0453125
1 0.42421875 0.6140625 0.01796875 0.04140625
1 0.6640625 0.71875 0.0609375 0.1109375
0 0.5859375 0.796875 0.02734375 0.04453125
1 0.7953125 0.72890625 0.03046875 0.05625
1 0.2203125 0.30625 0.05546875 0.18046875
0 0.7921875 0.22265625 0.0296875 0.0453125
