0 0.5390625 0.615625 0.025 0.046875
0 0.49765625 0.671875 0.04296875 0.06015625
1 0.41953125 0.82890625 0.02734375 0.065625
1 0.753125 0.6734375 0.0140625 0.025
1 0.62265625 0.29921875 0.028125 0.04140625
1 0.0671875 0.73671875 0.025 0.03125
1 0.4015625 0.64296875 0.02890625 0.06015625
1 0.47265625 0.490625 0.02734375 0.0453125
1 0.19375 0.71796875 0.04765625 0.06796875
1 0.15234375 0.77578125 0.0359375 0.0453125
1 0.7734375 0.175 0.03359375 0.0796875
1 0.27890625 0.61328125 0.02890625 0.06796875
1 0.47421875 0.73046875 0.0296875 0.046875
1 0.38515625 0.83828125 0.0375 0.0609375
1 0.3578125 0.6390625 0.02578125 0.04453125
1 0.64375 0.69921875 0.03359375 0.0640625
1 0.48046875 0.78828125 0.01796875 0.03515625
0 0.584375 0.62890625 0.02890625 0.05078125
1 0.1625 0.19296875 0.02578125 0.05078125
1 0.93203125 0.87578125 0.03203125 0.0453125
1 0.32734375 0.86875 0.1078125 0.19375
1 0.3671875 0.440625 0.03671875 0.059375
1 0.37109375 0.92734375 0.03828125 0.06015625
1 0.41171875 0.853125 0.03984375 0.1015625
1 0.22265625 0.28046875 0.03515625 0.0734375
