1 0.8078125 0.0734375 0.06171875 0.134375
1 0.7390625 0.81953125 0.05703125 0.09140625
1 0.69296875 0.7234375 0.05859375 0.11015625
0 0.96640625 0.459375 0.05234375 0.1046875
0 0.98125 0.6453125 0.03515625 0.09453125
1 0.05625 0.87578125 0.1125 0.2390625
1 0.546875 0.22578125 0.0671875 0.06640625
1 0.1640625 0.24375 0.03828125 0.0640625
1 0.47109375 0.26328125 0.159375 0.27890625
1 0.16328125 0.24453125 0.0375 0.06171875
1 0.14375 0.9015625 0.10078125 0.18515625
1 0.46015625 0.0921875 0.0625 0.08203125
1 0.64765625 0.09921875 0.02265625 0.05625
0 0.9 0.78125 0.02421875 0.04296875
