1 0.5765625 0.55625 0.01640625 0.03359375
1 0.73515625 0.34296875 0.015625 0.03046875
1 0.665625 0.63125 0.0203125 0.03359375
1 0.05546875 0.915625 0.075 0.1640625
1 0.19609375 0.4296875 0.06328125 0.090625
1 0.125 0.390625 0.01640625 0.03046875
1 0.13984375 0.715625 0.01953125 0.03203125
1 0.62265625 0.64921875 0.01953125 0.03984375
1 0.44140625 0.4390625 0.04453125 0.05859375
1 0.425 0.15078125 0.04453125 0.0890625
1 0.7296875 0.47421875 0.02265625 0.03984375
1 0.1234375 0.75390625 0.03046875 0.04609375
1 0.6734375 0.28984375 0.09765625 0.1796875
1 0.12421875 0.08671875 0.11484375 0.1703125
1 0.6046875 0.59453125 0.02109375 0.03046875
1 0.40078125 0.49921875 0.07265625 0.12109375
1 0.73671875 0.015625 0.02265625 0.03046875
1 0.76484375 0.52265625 0.04375 0.075
1 0.08046875 0.19921875 0.16015625 0.36171875
0 0.59140625 0.78828125 0.04296875 0.05703125
1 0.20703125 0.15703125 0.10234375 0.1890625
1 0.1171875 0.68203125 0.03828125 0.059375
1 0.42890625 0.37265625 0.05390625 0.09140625
1 0.5609375 0.52578125 0.03125 0.05859375
1 0.34453125 0.22265625 0.05 0.084375
1 0.7046875 0.44921875 0.01640625 0.046875
1 0.76171875 0.3984375 0.02265625 0.0359375
1 0.89140625 0.15078125 0.165625 0.25625
1 0.6953125 0.13671875 0.08828125 0.14453125
