1 0.80546875 0.7390625 0.05234375 0.09296875
1 0.109375 0.42578125 0.09765625 0.18125
1 0.37265625 0.553125 0.06328125 0.09453125
1 0.78125 0.83359375 0.115625 0.13203125
1 0.91171875 0.21875 0.03046875 0.0484375
1 0.915625 0.88203125 0.03828125 0.05390625
1 0.978125 0.49453125 0.04296875 0.08515625
1 0.89375 0.76796875 0.04765625 0.140625
0 0.9859375 0.3640625 0.028125 0.06875
1 0.334375 0.70859375 0.03359375 0.059375
1 0.5328125 0.728125 0.11953125 0.27578125
1 0.20546875 0.48671875 0.12265625 0.29375
1 0.4015625 0.86640625 0.0984375 0.25546875
1 0.68046875 0.9375 0.071875 0.1140625
1 0.6734375 0.821875 0.09921875 0.16171875
1 0.34609375 0.49921875 0.13046875 0.20390625
1 0.34140625 0.27578125 0.27421875 0.49921875
1 0.32578125 0.82109375 0.02890625 0.04921875
