0 0.51484375 0.840625 0.02734375 0.05
1 0.60390625 0.86328125 0.01796875 0.06796875
0 0.871875 0.9015625 0.0296875 0.034375
0 0.87734375 0.75078125 0.03515625 0.05625
1 0.90625 0.24140625 0.02421875 0.07578125
1 0.26328125 0.271875 0.11796875 0.0765625
1 0.7828125 0.61328125 0.0359375 0.10390625
1 0.71484375 0.04609375 0.0875 0.078125
1 0.80859375 0.9640625 0.02109375 0.065625
0 0.86328125 0.35390625 0.034375 0.0546875
0 0.52421875 0.9625 0.02265625 0.04375
0 0.70703125 0.25390625 0.03046875 0.046875
1 0.34453125 0.6015625 0.01796875 0.05
1 0.0890625 0.71953125 0.04453125 0.071875
0 0.29609375 0.69609375 0.01484375 0.02421875
