1 0.103125 0.515625 0.03359375 0.03125
1 0.7 0.859375 0.03359375 0.03125
1 0.384375 0.80234375 0.040625 0.04921875
1 0.153125 0.54609375 0.040625 0.0390625
1 0.365625 0.66953125 0.0375 0.0390625
1 0.809375 0.740625 0.0265625 0.03671875
1 0.37734375 0.56171875 0.0265625 0.02890625
1 0.846875 0.75078125 0.0265625 0.03671875
1 0.28046875 0.57109375 0.0359375 0.0390625
1 0.9640625 0.83046875 0.046875 0.05546875
1 0.27890625 0.43515625 0.03359375 0.03515625
1 0.02421875 0.66953125 0.03203125 0.03515625
1 0.05234375 0.5171875 0.02890625 0.03125
1 0.484375 0.46328125 0.0375 0.0328125
0 0.4484375 0.8515625 0.04140625 0.04140625
