0 0.715625 0.26953125 0.03203125 0.0609375
1 0.61171875 0.6515625 0.0203125 0.0359375
1 0.753125 0.04921875 0.059375 0.075
1 0.4859375 0.33046875 0.03359375 0.05703125
0 0.5265625 0.43828125 0.0546875 0.07578125
1 0.51875 0.20703125 0.03828125 0.04921875
1 0.9 0.51953125 0.05078125 0.06640625
0 0.30078125 0.70703125 0.03984375 0.06796875
1 0.18671875 0.16953125 0.07265625 0.2
1 0.6765625 0.20390625 0.01875 0.03515625
1 0.8875 0.60625 0.1203125 0.11953125
0 0.7421875 0.3453125 0.0390625 0.0609375
0 0.96484375 0.2359375 0.06953125 0.1234375
1 0.31484375 0.3390625 0.04921875 0.13359375
1 0.77421875 0.17578125 0.04609375 0.06484375
