1 0.02109375 0.71640625 0.04140625 0.0765625
1 0.0609375 0.77265625 0.059375 0.09375
1 0.8625 0.540625 0.15703125 0.11484375
1 0.71953125 0.4234375 0.08984375 0.10078125
1 0.84140625 0.73046875 0.08203125 0.12421875
1 0.4359375 0.88984375 0.053125 0.09609375
0 0.16953125 0.190625 0.05390625 0.1046875
1 0.36484375 0.0984375 0.16171875 0.196875
1 0.25234375 0.76484375 0.04296875 0.0796875
1 0.8859375 0.42421875 0.03515625 0.05859375
1 0.74375 0.30546875 0.0328125 0.06015625
1 0.64609375 0.7015625 0.0625 0.10390625
1 0.15078125 0.7515625 0.0703125 0.11640625
1 0.365625 0.46875 0.03984375 0.05859375
1 0.034375 0.06171875 0.05078125 0.11484375
1 0.25234375 0.765625 0.04375 0.078125
