1 0.396875 0.584375 0.02421875 0.03359375
1 0.9453125 0.19453125 0.02890625 0.04453125
1 0.68515625 0.09140625 0.06484375 0.13515625
1 0.35625 0.70078125 0.0234375 0.03515625
1 0.3703125 0.6015625 0.02421875 0.03125
1 0.2 0.66171875 0.03046875 0.03046875
0 0.88671875 0.38046875 0.03671875 0.04921875
1 0.56484375 0.90859375 0.02890625 0.0359375
1 0.375 0.678125 0.02265625 0.03359375
0 0.74609375 0.36171875 0.04921875 0.06328125
0 0.85234375 0.34296875 0.0359375 0.05546875
1 0.61484375 0.67421875 0.121875 0.29453125
1 0.3640625 0.103125 0.01640625 0.03046875
