1 0.13046875 0.79375 0.02890625 0.034375
1 0.9140625 0.59375 0.05234375 0.06875
1 0.81640625 0.17421875 0.046875 0.05390625
1 0.4640625 0.6953125 0.06796875 0.15390625
1 0.41953125 0.48515625 0.05625 0.040625
1 0.3765625 0.87421875 0.02734375 0.046875
1 0.54296875 0.06171875 0.04296875 0.06328125
1 0.90078125 0.3109375 0.053125 0.0640625
1 0.31640625 0.2515625 0.03046875 0.059375
0 0.80625 0.77421875 0.02578125 0.046875
1 0.33046875 0.5015625 0.00703125 0.01328125
1 0.3125 0.38515625 0.03984375 0.04453125
1 0.5796875 0.1734375 0.01484375 0.02421875
1 0.840625 0.4390625 0.24609375 0.14375
1 0.34375 0.34375 0.02734375 0.065625
1 0.50390625 0.2734375 0.04765625 0.03671875
1 0.34765625 0.63359375 0.021875 0.06875
1 0.38046875 0.178125 0.04453125 0.0734375
