1 0.70703125 0.8796875 0.03671875 0.109375
1 0.378125 0.33984375 0.03828125 0.08359375
1 0.70703125 0.596875 0.0375 0.0453125
1 0.3671875 0.63984375 0.02109375 0.04609375
1 0.67265625 0.68125 0.03359375 0.05390625
1 0.7125 0.46640625 0.07421875 0.140625
1 0.221875 0.9453125 0.05703125 0.10703125
1 0.58046875 0.6453125 0.059375 0.11484375
1 0.4265625 0.10546875 0.10546875 0.20859375
0 0.8796875 0.28828125 0.04296875 0.05703125
1 0.31484375 0.190625 0.03203125 0.053125
1 0.6765625 0.684375 0.03046875 0.05546875
1 0.73984375 0.3328125 0.06953125 0.11953125
1 0.8234375 0.45078125 0.06484375 0.15
0 0.08125 0.53046875 0.03046875 0.04609375
1 0.83046875 0.04453125 0.02890625 0.0703125
1 0.32578125 0.93828125 0.046875 0.06796875
0 0.6203125 0.60703125 0.02265625 0.05
1 0.95859375 0.58828125 0.04921875 0.05703125
1 0.70625 0.5984375 0.0375 0.046875
1 0.50546875 0.46953125 0.034375 0.05390625
0 0.55859375 0.3734375 0.025 0.046875
