1 0.84765625 0.4125 0.0421875 0.05625
1 0.4421875 0.52421875 0.06796875 0.12109375
1 0.328125 0.21484375 0.02578125 0.05546875
1 0.909375 0.80625 0.12890625 0.159375
1 0.95390625 0.3390625 0.08828125 0.08359375
1 0.4015625 0.34375 0.05546875 0.0390625
1 0.86328125 0.91875 0.04609375 0.0609375
1 0.1234375 0.94296875 0.05390625 0.096875
1 0.7859375 0.2859375 0.22578125 0.184375
0 0.76484375 0.9765625 0.02421875 0.03828125
1 0.3609375 0.0578125 0.03984375 0.06171875
1 0.8484375 0.17109375 0.04921875 0.05546875
