1 0.2421875 0.8015625 0.02890625 0.06484375
1 0.5109375 0.3390625 0.028125 0.0734375
1 0.7359375 0.4015625 0.02734375 0.0484375
0 0.32265625 0.5921875 0.04140625 0.06015625
1 0.63828125 0.4359375 0.05546875 0.0546875
1 0.5953125 0.528125 0.02578125 0.03125
1 0.4421875 0.32109375 0.0390625 0.04140625
1 0.45234375 0.53671875 0.025 0.04140625
1 0.33046875 0.72578125 0.04765625 0.0734375
1 0.30078125 0.6828125 0.03125 0.05859375
0 0.353125 0.53203125 0.040625 0.0515625
1 0.5953125 0.33125 0.03046875 0.0453125
1 0.35390625 0.93671875 0.03984375 0.10859375
0 0.4375 0.878125 0.03046875 0.06875
0 0.31328125 0.50390625 0.03359375 0.04609375
1 0.6078125 0.05625 0.04453125 0.05078125
