0 0.8625 0.92578125 0.03984375 0.065625
1 0.890625 0.7453125 0.05078125 0.06328125
1 0.61953125 0.49609375 0.02265625 0.04921875
0 0.46953125 0.971875 0.03828125 0.05546875
0 0.8125 0.92890625 0.1046875 0.13984375
0 0.87734375 0.85 0.03828125 0.06328125
1 0.3984375 0.85546875 0.02890625 0.04921875
0 0.45625 0.8453125 0.0390625 0.05
0 0.73515625 0.94296875 0.04921875 0.08203125
1 0.7765625 0.3171875 0.0390625 0.0453125
1 0.5328125 0.609375 0.03984375 0.0484375
1 0.6734375 0.58125 0.03203125 0.04140625
0 0.4453125 0.91171875 0.04296875 0.05078125
1 0.57421875 0.659375 0.02265625 0.0359375
0 0.40625 0.95234375 0.02890625 0.0453125
1 0.3671875 0.94375 0.0140625 0.0296875
1 0.79765625 0.70703125 0.04140625 0.06484375
0 0.5921875 0.81015625 0.0390625 0.06640625
1 0.9484375 0.484375 0.08515625 0.053125
0 0.57734375 0.89140625 0.04453125 0.075
