1 0.81875 0.37578125 0.028125 0.046875
0 0.959375 0.3640625 0.0390625 0.06328125
1 0.3765625 0.60703125 0.0203125 0.03515625
1 0.55390625 0.92109375 0.03515625 0.05703125
1 0.79609375 0.44140625 0.0265625 0.04609375
1 0.4125 0.70546875 0.02578125 0.04609375
1 0.40234375 0.08828125 0.0671875 0.13515625
1 0.3984375 0.8515625 0.02265625 0.0390625
1 0.65703125 0.71796875 0.06171875 0.06015625
1 0.30234375 0.33671875 0.02421875 0.04140625
1 0.36171875 0.55078125 0.02421875 0.03828125
1 0.32265625 0.2015625 0.06484375 0.13203125
1 0.76953125 0.9359375 0.04140625 0.059375
1 0.990625 0.70859375 0.01796875 0.034375
