0 0.37890625 0.8984375 0.06484375 0.08125
1 0.18828125 0.915625 0.07421875 0.109375
1 0.3734375 0.60078125 0.05234375 0.04140625
1 0.5625 0.609375 0.04453125 0.06484375
1 0.675 0.45078125 0.04375 0.05625
1 0.3953125 0.734375 0.0203125 0.07109375
0 0.56328125 0.959375 0.05546875 0.07890625
0 0.66640625 0.88671875 0.0703125 0.1015625
1 0.86328125 0.74921875 0.040625 0.07109375
1 0.9265625 0.95546875 0.03671875 0.08671875
0 0.48046875 0.965625 0.04765625 0.06640625
1 0.20390625 0.6265625 0.04765625 0.05078125
1 0.3078125 0.52109375 0.03984375 0.05546875
1 0.540625 0.45 0.0296875 0.06484375
1 0.2078125 0.71328125 0.06953125 0.06484375
