1 0.64453125 0.084375 0.13203125 0.134375
1 0.8421875 0.6109375 0.03203125 0.05
1 0.2640625 0.409375 0.04609375 0.0640625
1 0.759375 0.5265625 0.02734375 0.10703125
1 0.36640625 0.45625 0.13671875 0.615625
1 0.78046875 0.80859375 0.04921875 0.078125
1 0.859375 0.4390625 0.03046875 0.04296875
1 0.45 0.5109375 0.06640625 0.16328125
1 0.88671875 0.18671875 0.034375 0.0859375
1 0.89609375 0.371875 0.06953125 0.16640625
1 0.6 0.30703125 0.07734375 0.1359375
0 0.6671875 0.27265625 0.028125 0.0859375
1 0.84140625 0.28359375 0.07578125 0.16953125
1 0.96640625 0.48046875 0.0671875 0.1765625
1 0.8078125 0.56015625 0.0609375 0.15
1 0.64296875 0.296875 0.06640625 0.203125
1 0.2578125 0.25234375 0.08828125 0.1234375
1 0.92890625 0.803125 0.04296875 0.0640625
1 0.971875 0.290625 0.0546875 0.1296875
1 0.4625 0.84765625 0.12734375 0.29140625
1 0.63671875 0.67890625 0.13671875 0.4109375
1 0.4484375 0.63671875 0.04296875 0.07421875
1 0.67890625 0.73515625 0.046875 0.121875
1 0.43359375 0.2734375 0.02734375 0.07421875
1 0.83984375 0.66484375 0.04765625 0.0609375
1 0.7171875 0.28671875 0.09609375 0.26875
1 0.84921875 0.45859375 0.02734375 0.03828125
1 0.271875 0.6484375 0.02578125 0.0359375
1 0.178125 0.08125 0.05703125 0.153125
1 0.45 0.51015625 0.06640625 0.1609375
1 0.61640625 0.4109375 0.04609375 0.06875
