1 0.9734375 0.934375 0.053125 0.0734375
1 0.07265625 0.14453125 0.04453125 0.053125
1 0.7140625 0.20625 0.05 0.0546875
1 0.846875 0.28359375 0.13046875 0.08046875
1 0.67734375 0.3640625 0.03046875 0.04375
1 0.11171875 0.03828125 0.04453125 0.053125
1 0.7296875 0.45390625 0.07265625 0.12421875
1 0.95546875 0.52109375 0.0890625 0.0453125
1 0.865625 0.5640625 0.04609375 0.07578125
1 0.55546875 0.62109375 0.0125 0.02421875
1 0.60625 0.64921875 0.01328125 0.02578125
1 0.44765625 0.67421875 0.0125 0.01875
1 0.96640625 0.75625 0.0671875 0.06875
1 0.23203125 0.83359375 0.07734375 0.06875
1 0.96015625 0.84609375 0.059375 0.08515625