1 0.071875 0.94296875 0.04609375 0.08046875
1 0.07109375 0.20078125 0.0453125 0.08046875
1 0.703125 0.021875 0.07265625 0.04375
1 0.63984375 0.2609375 0.0578125 0.07109375
1 0.3328125 0.28671875 0.09765625 0.078125
1 0.8359375 0.303125 0.05703125 0.0359375
1 0.47109375 0.41640625 0.07890625 0.078125
1 0.4765625 0.50390625 0.08828125 0.07578125
1 0.55703125 0.62265625 0.01015625 0.02109375
1 0.60390625 0.64375 0.01015625 0.0203125
1 0.45 0.671875 0.01328125 0.0203125
1 0.26875 0.0765625 0.03515625 0.0640625