1 0.93671875 0.93828125 0.10234375 0.08359375
1 0.76640625 0.96171875 0.0890625 0.07578125
1 0.35546875 0.10625 0.08046875 0.14140625
1 0.88046875 0.30390625 0.08125 0.06171875
1 0.97109375 0.31875 0.0578125 0.046875
1 0.15234375 0.5296875 0.03359375 0.05390625
1 0.5125 0.55703125 0.0109375 0.021875
1 0.5078125 0.59375 0.02265625 0.03125
1 0.64765625 0.71796875 0.01171875 0.02421875
1 0.10703125 0.73359375 0.04921875 0.090625
1 0.40546875 0.75234375 0.0125 0.0234375
1 0.434375 0.07734375 0.07109375 0.04375