1 0.07578125 0.92734375 0.04453125 0.05625
1 0.07734375 0.1890625 0.03984375 0.0703125
1 0.6421875 0.2453125 0.06015625 0.07421875
1 0.334375 0.27421875 0.0984375 0.071875
1 0.83984375 0.28671875 0.05625 0.025
1 0.475 0.40390625 0.07890625 0.06875
1 0.4796875 0.48359375 0.08359375 0.0609375
1 0.27109375 0.06015625 0.03359375 0.0515625
1 0.55703125 0.62421875 0.00859375 0.021875
1 0.60390625 0.64296875 0.01015625 0.02109375
1 0.44921875 0.67109375 0.01171875 0.0203125
1 0.16640625 0.76328125 0.02265625 0.04375