1 0.8484375 0.11328125 0.02890625 0.0453125
1 0.64375 0.26796875 0.06796875 0.05703125
1 0.18125 0.325 0.04375 0.06640625
1 0.14453125 0.04140625 0.0359375 0.05
1 0.57890625 0.53203125 0.065625 0.09609375
1 0.23828125 0.5890625 0.09609375 0.09921875
1 0.78828125 0.590625 0.05546875 0.0546875
1 0.5578125 0.6234375 0.01015625 0.021875
1 0.603125 0.64140625 0.01171875 0.01875
1 0.45078125 0.67109375 0.0125 0.01953125
1 0.390625 0.74140625 0.0828125 0.10390625
1 0.38828125 0.84375 0.08828125 0.08984375