1 0.8625 0.1109375 0.13515625 0.0734375
1 0.68984375 0.19609375 0.02890625 0.05
1 0.746875 0.28203125 0.07578125 0.12421875
1 0.9609375 0.34453125 0.07734375 0.0453125
1 0.8734375 0.38203125 0.04765625 0.0734375
1 0.7375 0.04453125 0.05703125 0.06171875
1 0.55390625 0.615625 0.0140625 0.025
1 0.26796875 0.62578125 0.07109375 0.07578125
1 0.96640625 0.64609375 0.0671875 0.0796875
1 0.60703125 0.6484375 0.01796875 0.025
1 0.446875 0.678125 0.0109375 0.0203125
1 0.975 0.72265625 0.05 0.0609375
1 0.51953125 0.77890625 0.04375 0.08984375